# unix_time, cycles_done, cur_path, paths_total, pending_total, pending_favs, map_size, unique_crashes, unique_hangs, max_depth, execs_per_sec, valid_inputs, invalid_inputs, valid_cov, all_covered_probes, valid_covered_probes
1686403930, 0, 0, 1, 0, 0, 0.04%, 0, 0, 0, 1.25, 1, 0, 0.04%, 23, 23
1686403930, 0, 0, 3, 0, 0, 0.04%, 0, 0, 0, 76.67, 24, 0, 0.04%, 23, 23
1686403931, 0, 0, 4, 0, 0, 0.04%, 0, 0, 0, 201.99, 85, 0, 0.04%, 25, 25
1686403931, 0, 0, 7, 0, 0, 0.04%, 0, 0, 0, 280.53, 170, 0, 0.04%, 25, 25
1686403931, 0, 0, 9, 0, 0, 0.04%, 0, 0, 0, 284.77, 256, 0, 0.04%, 25, 25
1686403932, 0, 0, 12, 0, 0, 0.04%, 0, 0, 0, 413.33, 380, 0, 0.04%, 27, 27
1686403932, 0, 0, 13, 0, 0, 0.04%, 0, 0, 0, 386.67, 496, 0, 0.04%, 27, 27
1686403932, 0, 0, 13, 0, 0, 0.04%, 0, 0, 0, 518.27, 652, 0, 0.04%, 27, 27
1686403932, 0, 0, 13, 0, 0, 0.04%, 0, 0, 0, 553.33, 818, 0, 0.04%, 27, 27
1686403933, 0, 3, 14, 0, 0, 0.04%, 0, 0, 0, 616.67, 1003, 0, 0.04%, 27, 27
1686403933, 0, 3, 15, 0, 0, 0.04%, 0, 0, 0, 580.00, 1177, 0, 0.04%, 27, 27
1686403933, 0, 3, 16, 0, 0, 0.04%, 0, 0, 0, 620.00, 1363, 0, 0.04%, 27, 27
1686403934, 0, 3, 16, 0, 0, 0.04%, 1, 0, 0, 636.67, 1553, 1, 0.04%, 27, 27
1686403934, 0, 3, 17, 0, 0, 0.04%, 1, 0, 0, 623.33, 1740, 1, 0.04%, 27, 27
1686403934, 0, 6, 17, 0, 0, 0.04%, 1, 0, 0, 641.20, 1933, 1, 0.04%, 27, 27
1686403935, 0, 11, 19, 0, 0, 0.04%, 1, 0, 0, 790.00, 2170, 1, 0.04%, 27, 27
1686403935, 0, 11, 19, 0, 0, 0.04%, 1, 0, 0, 664.45, 2370, 1, 0.04%, 27, 27
1686403935, 0, 11, 20, 0, 0, 0.05%, 1, 0, 0, 691.03, 2578, 1, 0.05%, 31, 31
1686403935, 0, 11, 20, 0, 0, 0.05%, 1, 0, 0, 654.49, 2775, 1, 0.05%, 31, 31
1686403936, 0, 13, 21, 0, 0, 0.05%, 1, 0, 0, 803.33, 3016, 1, 0.05%, 31, 31
1686403936, 0, 19, 23, 0, 0, 0.05%, 1, 0, 0, 856.67, 3272, 2, 0.05%, 31, 31
1686403936, 0, 19, 23, 0, 0, 0.05%, 1, 0, 0, 652.60, 3472, 3, 0.05%, 31, 31
1686403937, 0, 19, 24, 0, 0, 0.05%, 1, 0, 0, 680.00, 3675, 4, 0.05%, 31, 31
1686403937, 0, 19, 24, 0, 0, 0.05%, 1, 0, 0, 680.00, 3878, 5, 0.05%, 31, 31
1686403937, 0, 19, 24, 0, 0, 0.05%, 1, 0, 0, 690.00, 4085, 5, 0.05%, 31, 31
1686403938, 0, 24, 27, 0, 0, 0.05%, 1, 0, 0, 793.33, 4289, 39, 0.05%, 32, 32
1686403938, 0, 25, 28, 0, 0, 0.05%, 1, 0, 0, 733.33, 4503, 45, 0.05%, 32, 32
1686403938, 0, 25, 28, 0, 0, 0.05%, 1, 0, 0, 712.87, 4706, 58, 0.05%, 32, 32
1686403938, 0, 25, 28, 0, 0, 0.05%, 1, 0, 0, 96.03, 4734, 59, 0.05%, 32, 32
1686403939, 0, 25, 28, 0, 0, 0.05%, 1, 0, 0, 97.40, 4760, 63, 0.05%, 32, 32
1686403939, 0, 25, 28, 0, 0, 0.05%, 1, 0, 0, 90.61, 4786, 65, 0.05%, 32, 32
1686403939, 0, 25, 28, 0, 0, 0.05%, 1, 0, 0, 226.67, 4852, 67, 0.05%, 32, 32
1686403940, 0, 25, 28, 0, 0, 0.05%, 1, 0, 0, 750.83, 5069, 76, 0.05%, 32, 32
1686403940, 0, 27, 28, 0, 0, 0.05%, 1, 0, 0, 683.33, 5263, 87, 0.05%, 32, 32
1686403940, 0, 32, 34, 0, 0, 0.05%, 1, 0, 0, 730.00, 5470, 99, 0.05%, 32, 32
1686403941, 1, 0, 36, 0, 0, 0.05%, 1, 0, 0, 743.33, 5682, 110, 0.05%, 32, 32
1686403941, 1, 0, 36, 0, 0, 0.05%, 1, 0, 0, 763.33, 5911, 110, 0.05%, 32, 32
1686403941, 1, 0, 36, 0, 0, 0.05%, 1, 0, 0, 776.67, 6144, 110, 0.05%, 32, 32
1686403941, 1, 2, 36, 0, 0, 0.05%, 1, 0, 0, 670.00, 6345, 110, 0.05%, 32, 32
1686403942, 1, 3, 36, 0, 0, 0.05%, 1, 0, 0, 687.71, 6552, 110, 0.05%, 32, 32
1686403942, 1, 3, 36, 0, 0, 0.05%, 1, 0, 0, 760.00, 6780, 110, 0.05%, 32, 32
1686403942, 1, 3, 36, 0, 0, 0.05%, 1, 0, 0, 720.93, 6997, 110, 0.05%, 32, 32
1686403943, 1, 7, 36, 0, 0, 0.05%, 1, 0, 0, 837.21, 7249, 110, 0.05%, 32, 32
1686403943, 1, 11, 36, 0, 0, 0.05%, 1, 0, 0, 903.65, 7521, 110, 0.05%, 32, 32
1686403943, 1, 11, 36, 0, 0, 0.05%, 1, 0, 0, 776.67, 7754, 110, 0.05%, 32, 32
1686403944, 1, 11, 36, 0, 0, 0.05%, 1, 0, 0, 794.02, 7993, 110, 0.05%, 32, 32
1686403944, 1, 14, 36, 0, 0, 0.05%, 1, 0, 0, 893.33, 8261, 110, 0.05%, 32, 32
1686403944, 1, 19, 36, 0, 0, 0.05%, 1, 0, 0, 946.67, 8542, 113, 0.05%, 32, 32
1686403944, 1, 19, 36, 0, 0, 0.05%, 1, 0, 0, 706.67, 8751, 116, 0.05%, 32, 32
1686403945, 1, 19, 36, 0, 0, 0.05%, 1, 0, 0, 760.00, 8975, 120, 0.05%, 32, 32
1686403945, 1, 19, 36, 0, 0, 0.05%, 1, 0, 0, 720.00, 9190, 121, 0.05%, 32, 32
1686403945, 1, 22, 36, 0, 0, 0.05%, 1, 0, 0, 763.33, 9417, 123, 0.05%, 32, 32
1686403946, 1, 25, 36, 0, 0, 0.05%, 1, 0, 0, 820.00, 9630, 156, 0.05%, 32, 32
1686403946, 1, 25, 36, 0, 0, 0.05%, 1, 0, 0, 786.67, 9852, 170, 0.05%, 32, 32
1686403946, 1, 25, 36, 0, 0, 0.05%, 1, 0, 0, 790.00, 10077, 182, 0.05%, 32, 32
1686403947, 1, 25, 36, 0, 0, 0.05%, 1, 0, 0, 796.67, 10305, 193, 0.05%, 32, 32
1686403947, 1, 29, 36, 0, 0, 0.05%, 1, 0, 0, 800.00, 10527, 211, 0.05%, 32, 32
1686403947, 1, 35, 36, 0, 0, 0.05%, 1, 0, 0, 823.33, 10744, 241, 0.05%, 32, 32
1686403947, 2, 0, 36, 0, 0, 0.05%, 1, 0, 0, 783.33, 10979, 241, 0.05%, 32, 32
1686403948, 2, 0, 36, 0, 0, 0.05%, 1, 0, 0, 803.33, 11220, 241, 0.05%, 32, 32
1686403948, 2, 0, 36, 0, 0, 0.05%, 1, 0, 0, 767.44, 11451, 241, 0.05%, 32, 32
1686403948, 2, 3, 36, 0, 0, 0.05%, 1, 0, 0, 642.38, 11645, 241, 0.05%, 32, 32
1686403949, 2, 3, 36, 0, 0, 0.05%, 1, 0, 0, 87.95, 11672, 241, 0.05%, 32, 32
1686403949, 2, 3, 36, 0, 0, 0.05%, 1, 0, 0, 85.81, 11698, 241, 0.05%, 32, 32
1686403949, 2, 3, 36, 0, 0, 0.05%, 1, 0, 0, 85.53, 11724, 241, 0.05%, 32, 32
1686403950, 2, 3, 36, 0, 0, 0.05%, 1, 0, 0, 220.00, 11789, 242, 0.05%, 32, 32
1686403950, 2, 3, 36, 0, 0, 0.05%, 1, 0, 0, 754.15, 12016, 242, 0.05%, 32, 32
1686403950, 2, 3, 36, 0, 0, 0.05%, 1, 0, 0, 734.22, 12237, 242, 0.05%, 32, 32
1686403950, 2, 9, 36, 0, 0, 0.05%, 1, 0, 0, 940.00, 12519, 242, 0.05%, 32, 32
1686403951, 2, 11, 36, 0, 0, 0.05%, 1, 0, 0, 840.00, 12771, 242, 0.05%, 32, 32
1686403951, 2, 11, 36, 0, 0, 0.05%, 1, 0, 0, 820.60, 13018, 242, 0.05%, 32, 32
1686403951, 2, 11, 36, 0, 0, 0.05%, 1, 0, 0, 780.00, 13252, 242, 0.05%, 32, 32
1686403952, 2, 15, 37, 0, 0, 0.05%, 1, 0, 0, 800.00, 13489, 245, 0.05%, 32, 32
1686403952, 2, 19, 37, 0, 0, 0.05%, 1, 0, 0, 960.13, 13776, 247, 0.05%, 32, 32
1686403952, 2, 19, 37, 0, 0, 0.05%, 1, 0, 0, 790.00, 14008, 252, 0.05%, 32, 32
1686403953, 2, 19, 37, 0, 0, 0.05%, 1, 0, 0, 803.33, 14247, 254, 0.05%, 32, 32
1686403953, 2, 19, 37, 0, 0, 0.05%, 1, 0, 0, 720.93, 14462, 256, 0.05%, 32, 32
1686403953, 2, 24, 38, 0, 0, 0.05%, 1, 0, 0, 813.33, 14674, 288, 0.05%, 33, 33
1686403954, 2, 25, 38, 0, 0, 0.05%, 1, 0, 0, 800.66, 14909, 294, 0.05%, 33, 33
1686403954, 2, 25, 38, 0, 0, 0.05%, 1, 0, 0, 790.00, 15132, 308, 0.05%, 33, 33
1686403954, 2, 25, 38, 0, 0, 0.05%, 1, 0, 0, 786.67, 15359, 317, 0.05%, 33, 33
1686403954, 2, 27, 38, 0, 0, 0.05%, 1, 0, 0, 778.85, 15591, 328, 0.05%, 33, 33
1686403955, 2, 33, 39, 0, 0, 0.05%, 1, 0, 0, 806.67, 15820, 341, 0.05%, 33, 33
1686403955, 2, 37, 39, 0, 0, 0.05%, 1, 0, 0, 826.67, 16057, 352, 0.05%, 33, 33
1686403955, 2, 37, 39, 0, 0, 0.05%, 1, 0, 0, 776.67, 16283, 359, 0.05%, 33, 33
1686403956, 2, 37, 39, 0, 0, 0.05%, 1, 0, 0, 770.00, 16506, 367, 0.05%, 33, 33
1686403956, 2, 37, 39, 0, 0, 0.05%, 1, 0, 0, 790.00, 16737, 373, 0.05%, 33, 33
1686403956, 3, 0, 39, 0, 0, 0.05%, 1, 0, 0, 790.00, 16968, 379, 0.05%, 33, 33
1686403957, 3, 0, 39, 0, 0, 0.05%, 1, 0, 0, 823.33, 17215, 379, 0.05%, 33, 33
1686403957, 3, 0, 39, 0, 0, 0.05%, 1, 0, 0, 797.34, 17455, 379, 0.05%, 33, 33
1686403957, 3, 3, 39, 0, 0, 0.05%, 1, 0, 0, 800.66, 17696, 379, 0.05%, 33, 33
1686403957, 3, 3, 39, 0, 0, 0.05%, 1, 0, 0, 783.33, 17931, 379, 0.05%, 33, 33
1686403958, 3, 3, 39, 0, 0, 0.05%, 1, 0, 0, 796.67, 18170, 379, 0.05%, 33, 33
1686403958, 3, 7, 39, 0, 0, 0.05%, 1, 0, 0, 943.33, 18452, 380, 0.05%, 33, 33
1686403958, 3, 11, 39, 0, 0, 0.05%, 1, 0, 0, 920.00, 18728, 380, 0.05%, 33, 33
1686403959, 3, 11, 39, 0, 0, 0.05%, 1, 0, 0, 806.67, 18970, 380, 0.05%, 33, 33
1686403959, 3, 11, 39, 0, 0, 0.05%, 1, 0, 0, 797.34, 19209, 381, 0.05%, 33, 33
1686403959, 3, 16, 39, 0, 0, 0.05%, 1, 0, 0, 953.33, 19494, 382, 0.05%, 33, 33
1686403960, 3, 19, 39, 0, 0, 0.05%, 1, 0, 0, 940.00, 19774, 384, 0.05%, 33, 33
1686403960, 3, 19, 39, 0, 0, 0.05%, 1, 0, 0, 800.00, 20014, 384, 0.05%, 33, 33
1686403960, 3, 19, 39, 0, 0, 0.05%, 1, 0, 0, 803.33, 20254, 385, 0.05%, 33, 33
1686403960, 3, 21, 39, 0, 0, 0.05%, 1, 0, 0, 856.67, 20507, 389, 0.05%, 33, 33
1686403961, 3, 25, 39, 0, 0, 0.05%, 1, 0, 0, 776.67, 20702, 427, 0.05%, 33, 33
1686403961, 3, 25, 39, 0, 0, 0.05%, 1, 0, 0, 790.00, 20931, 435, 0.05%, 33, 33
1686403961, 3, 25, 39, 0, 0, 0.05%, 1, 0, 0, 853.82, 21166, 457, 0.05%, 33, 33
1686403962, 3, 25, 39, 0, 0, 0.05%, 1, 0, 0, 786.67, 21399, 460, 0.05%, 33, 33
1686403962, 3, 30, 39, 0, 0, 0.05%, 1, 0, 0, 856.67, 21633, 483, 0.05%, 33, 33
1686403962, 3, 37, 39, 0, 0, 0.05%, 1, 0, 0, 856.67, 21878, 495, 0.05%, 33, 33
1686403963, 3, 37, 39, 0, 0, 0.05%, 1, 0, 0, 837.21, 22121, 504, 0.05%, 33, 33
1686403963, 3, 37, 40, 0, 0, 0.05%, 1, 0, 0, 813.33, 22359, 510, 0.05%, 33, 33
1686403963, 3, 37, 40, 0, 0, 0.05%, 1, 0, 0, 793.33, 22592, 515, 0.05%, 33, 33
1686403963, 4, 0, 40, 0, 0, 0.05%, 1, 0, 0, 823.33, 22800, 554, 0.05%, 33, 33
1686403964, 4, 0, 40, 0, 0, 0.05%, 1, 0, 0, 796.67, 23039, 554, 0.05%, 33, 33
1686403964, 4, 0, 40, 0, 0, 0.05%, 1, 0, 0, 800.66, 23280, 554, 0.05%, 33, 33
1686403964, 4, 3, 40, 0, 0, 0.05%, 1, 0, 0, 800.00, 23520, 554, 0.05%, 33, 33
1686403965, 4, 3, 40, 0, 0, 0.05%, 1, 0, 0, 780.00, 23754, 554, 0.05%, 33, 33
1686403965, 4, 3, 40, 0, 0, 0.05%, 1, 0, 0, 783.33, 23989, 554, 0.05%, 33, 33
1686403965, 4, 3, 40, 0, 0, 0.05%, 1, 0, 0, 720.93, 24206, 554, 0.05%, 33, 33
1686403966, 4, 11, 41, 0, 0, 0.05%, 1, 0, 0, 986.67, 24502, 554, 0.05%, 33, 33
1686403966, 4, 11, 41, 0, 0, 0.05%, 1, 0, 0, 680.00, 24706, 554, 0.05%, 33, 33
1686403966, 4, 11, 41, 0, 0, 0.05%, 1, 0, 0, 813.95, 24951, 554, 0.05%, 33, 33
1686403966, 4, 11, 41, 0, 0, 0.05%, 1, 0, 0, 783.33, 25185, 555, 0.05%, 33, 33
1686403967, 4, 16, 41, 0, 0, 0.05%, 1, 0, 0, 776.67, 25418, 555, 0.05%, 33, 33
1686403967, 4, 19, 41, 0, 0, 0.05%, 1, 0, 0, 806.67, 25657, 558, 0.05%, 33, 33
1686403967, 4, 19, 41, 0, 0, 0.05%, 1, 0, 0, 710.96, 25867, 562, 0.05%, 33, 33
1686403968, 4, 19, 41, 0, 0, 0.05%, 1, 0, 0, 813.33, 26109, 564, 0.05%, 33, 33
1686403968, 4, 19, 41, 0, 0, 0.05%, 1, 0, 0, 786.67, 26343, 566, 0.05%, 33, 33
1686403968, 4, 25, 41, 0, 0, 0.05%, 1, 0, 0, 870.86, 26568, 604, 0.05%, 33, 33
1686403969, 4, 25, 41, 0, 0, 0.05%, 1, 0, 0, 774.09, 26797, 608, 0.05%, 33, 33
1686403969, 4, 25, 41, 0, 0, 0.05%, 1, 0, 0, 803.33, 27030, 616, 0.05%, 33, 33
1686403969, 4, 25, 41, 0, 0, 0.05%, 1, 0, 0, 813.33, 27258, 632, 0.05%, 33, 33
1686403969, 4, 29, 41, 0, 0, 0.05%, 1, 0, 0, 810.00, 27492, 641, 0.05%, 33, 33
1686403970, 4, 34, 41, 0, 0, 0.05%, 1, 0, 0, 836.67, 27716, 668, 0.05%, 33, 33
1686403970, 4, 37, 41, 0, 0, 0.05%, 1, 0, 0, 826.67, 27956, 676, 0.05%, 33, 33
1686403970, 4, 37, 41, 0, 0, 0.05%, 1, 0, 0, 753.33, 28175, 683, 0.05%, 33, 33
1686403971, 4, 37, 41, 0, 0, 0.05%, 1, 0, 0, 713.33, 28386, 686, 0.05%, 33, 33
1686403971, 4, 37, 41, 0, 0, 0.05%, 1, 0, 0, 713.33, 28597, 689, 0.05%, 33, 33
1686403971, 5, 0, 41, 0, 0, 0.05%, 1, 0, 0, 766.67, 28790, 726, 0.05%, 33, 33
1686403972, 5, 0, 41, 0, 0, 0.05%, 1, 0, 0, 796.67, 29029, 726, 0.05%, 33, 33
1686403972, 5, 0, 41, 0, 0, 0.05%, 1, 0, 0, 786.67, 29265, 726, 0.05%, 33, 33
1686403972, 5, 3, 41, 0, 0, 0.05%, 1, 0, 0, 810.00, 29508, 726, 0.05%, 33, 33
1686403972, 5, 3, 41, 0, 0, 0.05%, 1, 0, 0, 756.67, 29735, 726, 0.05%, 33, 33
1686403973, 5, 3, 41, 0, 0, 0.05%, 1, 0, 0, 773.33, 29967, 726, 0.05%, 33, 33
1686403973, 5, 3, 41, 0, 0, 0.05%, 1, 0, 0, 770.00, 30198, 726, 0.05%, 33, 33
1686403973, 5, 11, 41, 0, 0, 0.05%, 1, 0, 0, 1013.33, 30502, 726, 0.05%, 33, 33
1686403974, 5, 11, 41, 0, 0, 0.05%, 1, 0, 0, 735.10, 30724, 726, 0.05%, 33, 33
1686403974, 5, 11, 41, 0, 0, 0.05%, 1, 0, 0, 763.33, 30953, 726, 0.05%, 33, 33
1686403974, 5, 11, 41, 0, 0, 0.05%, 1, 0, 0, 810.00, 31196, 726, 0.05%, 33, 33
1686403975, 5, 19, 41, 0, 0, 0.05%, 1, 0, 0, 1056.67, 31509, 730, 0.05%, 33, 33
1686403975, 5, 19, 41, 0, 0, 0.05%, 1, 0, 0, 803.33, 31746, 734, 0.05%, 33, 33
1686403975, 5, 19, 41, 0, 0, 0.05%, 1, 0, 0, 793.33, 31983, 735, 0.05%, 33, 33
1686403975, 5, 19, 41, 0, 0, 0.05%, 1, 0, 0, 780.73, 32214, 739, 0.05%, 33, 33
1686403976, 5, 22, 41, 0, 0, 0.05%, 1, 0, 0, 687.71, 32414, 746, 0.05%, 33, 33
1686403976, 5, 25, 41, 0, 0, 0.05%, 1, 0, 0, 780.00, 32616, 778, 0.05%, 33, 33
1686403976, 5, 25, 41, 0, 0, 0.05%, 1, 0, 0, 746.67, 32824, 794, 0.05%, 33, 33
1686403977, 5, 25, 41, 0, 0, 0.05%, 1, 0, 0, 826.67, 33064, 802, 0.05%, 33, 33
1686403977, 5, 25, 41, 0, 0, 0.05%, 1, 0, 0, 720.00, 33273, 809, 0.05%, 33, 33
1686403977, 5, 30, 41, 0, 0, 0.05%, 1, 0, 0, 810.63, 33502, 824, 0.05%, 33, 33
1686403978, 5, 35, 41, 0, 0, 0.05%, 1, 0, 0, 803.33, 33726, 841, 0.05%, 33, 33
1686403978, 5, 37, 41, 0, 0, 0.05%, 1, 0, 0, 786.67, 33957, 846, 0.05%, 33, 33
1686403978, 5, 37, 41, 0, 0, 0.05%, 1, 0, 0, 793.33, 34189, 852, 0.05%, 33, 33
1686403978, 5, 37, 41, 0, 0, 0.05%, 1, 0, 0, 813.33, 34424, 861, 0.05%, 33, 33
1686403979, 5, 39, 41, 0, 0, 0.05%, 1, 0, 0, 840.00, 34642, 895, 0.05%, 33, 33
1686403979, 6, 0, 41, 0, 0, 0.05%, 1, 0, 0, 813.33, 34881, 900, 0.05%, 33, 33
1686403979, 6, 0, 41, 0, 0, 0.05%, 1, 0, 0, 800.66, 35122, 900, 0.05%, 33, 33
1686403980, 6, 0, 41, 0, 0, 0.05%, 1, 0, 0, 780.00, 35355, 901, 0.05%, 33, 33
1686403980, 6, 3, 41, 0, 0, 0.05%, 1, 0, 0, 786.67, 35591, 901, 0.05%, 33, 33
1686403980, 6, 3, 41, 0, 0, 0.05%, 1, 0, 0, 786.67, 35827, 901, 0.05%, 33, 33
1686403981, 6, 3, 41, 0, 0, 0.05%, 1, 0, 0, 733.33, 36047, 901, 0.05%, 33, 33
1686403981, 6, 8, 41, 0, 0, 0.05%, 1, 0, 0, 920.27, 36324, 901, 0.05%, 33, 33
1686403981, 6, 11, 41, 0, 0, 0.05%, 1, 0, 0, 794.70, 36564, 901, 0.05%, 33, 33
1686403981, 6, 11, 41, 0, 0, 0.05%, 1, 0, 0, 630.00, 36752, 902, 0.05%, 33, 33
1686403982, 6, 11, 41, 0, 0, 0.05%, 1, 0, 0, 780.00, 36985, 903, 0.05%, 33, 33
1686403982, 6, 13, 41, 0, 0, 0.05%, 1, 0, 0, 896.67, 37253, 904, 0.05%, 33, 33
1686403982, 6, 19, 41, 0, 0, 0.05%, 1, 0, 0, 960.00, 37540, 905, 0.05%, 33, 33
1686403983, 6, 19, 41, 0, 0, 0.05%, 1, 0, 0, 806.67, 37781, 906, 0.05%, 33, 33
1686403983, 6, 19, 41, 0, 0, 0.05%, 1, 0, 0, 794.02, 38020, 906, 0.05%, 33, 33
1686403983, 6, 19, 41, 0, 0, 0.05%, 1, 0, 0, 756.67, 38245, 908, 0.05%, 33, 33
1686403984, 6, 25, 41, 0, 0, 0.05%, 1, 0, 0, 860.47, 38470, 942, 0.05%, 33, 33
1686403984, 6, 25, 41, 0, 0, 0.05%, 1, 0, 0, 817.28, 38703, 955, 0.05%, 33, 33
1686403984, 6, 25, 41, 0, 0, 0.05%, 1, 0, 0, 770.00, 38921, 968, 0.05%, 33, 33
1686403984, 6, 25, 41, 0, 0, 0.05%, 1, 0, 0, 800.66, 39151, 979, 0.05%, 33, 33
1686403985, 6, 28, 41, 0, 0, 0.05%, 1, 0, 0, 770.76, 39377, 985, 0.05%, 33, 33
1686403985, 6, 33, 41, 0, 0, 0.05%, 1, 0, 0, 757.48, 39591, 999, 0.05%, 33, 33
1686403985, 6, 37, 41, 0, 0, 0.05%, 1, 0, 0, 830.00, 39832, 1007, 0.05%, 33, 33
1686403986, 6, 37, 41, 0, 0, 0.05%, 1, 0, 0, 800.00, 40063, 1016, 0.05%, 33, 33
1686403986, 6, 37, 41, 0, 0, 0.05%, 1, 0, 0, 810.00, 40301, 1021, 0.05%, 33, 33
1686403986, 6, 37, 41, 0, 0, 0.05%, 1, 0, 0, 813.33, 40543, 1023, 0.05%, 33, 33
1686403987, 7, 0, 41, 0, 0, 0.05%, 1, 0, 0, 786.67, 40743, 1059, 0.05%, 33, 33
1686403987, 7, 0, 41, 0, 0, 0.05%, 1, 0, 0, 780.73, 40978, 1059, 0.05%, 33, 33
1686403987, 7, 0, 41, 0, 0, 0.05%, 1, 0, 0, 806.67, 41220, 1059, 0.05%, 33, 33
1686403987, 7, 3, 41, 0, 0, 0.05%, 1, 0, 0, 783.33, 41455, 1059, 0.05%, 33, 33
1686403988, 7, 3, 41, 0, 0, 0.05%, 1, 0, 0, 746.67, 41679, 1059, 0.05%, 33, 33
1686403988, 7, 3, 41, 0, 0, 0.05%, 1, 0, 0, 796.67, 41918, 1059, 0.05%, 33, 33
1686403988, 7, 3, 41, 0, 0, 0.05%, 1, 0, 0, 740.00, 42139, 1060, 0.05%, 33, 33
1686403989, 7, 11, 41, 0, 0, 0.05%, 1, 0, 0, 1033.33, 42448, 1061, 0.05%, 33, 33
1686403989, 7, 11, 41, 0, 0, 0.05%, 1, 0, 0, 806.67, 42690, 1061, 0.05%, 33, 33
1686403989, 7, 11, 41, 0, 0, 0.05%, 1, 0, 0, 766.67, 42920, 1061, 0.05%, 33, 33
1686403990, 7, 11, 41, 0, 0, 0.05%, 1, 0, 0, 770.00, 43151, 1061, 0.05%, 33, 33
1686403990, 7, 19, 41, 0, 0, 0.05%, 1, 0, 0, 1013.33, 43453, 1063, 0.05%, 33, 33
1686403990, 7, 19, 41, 0, 0, 0.05%, 1, 0, 0, 796.67, 43689, 1066, 0.05%, 33, 33
1686403990, 7, 19, 41, 0, 0, 0.05%, 1, 0, 0, 806.67, 43930, 1067, 0.05%, 33, 33
1686403991, 7, 19, 41, 0, 0, 0.05%, 1, 0, 0, 813.33, 44173, 1068, 0.05%, 33, 33
1686403991, 7, 24, 41, 0, 0, 0.05%, 1, 0, 0, 886.67, 44408, 1099, 0.05%, 33, 33
1686403991, 7, 25, 41, 0, 0, 0.05%, 1, 0, 0, 850.00, 44655, 1107, 0.05%, 33, 33
1686403992, 7, 25, 41, 0, 0, 0.05%, 1, 0, 0, 803.33, 44883, 1120, 0.05%, 33, 33
1686403992, 7, 25, 41, 0, 0, 0.05%, 1, 0, 0, 756.67, 45099, 1131, 0.05%, 33, 33
1686403992, 7, 28, 41, 0, 0, 0.05%, 1, 0, 0, 846.67, 45340, 1144, 0.05%, 33, 33
1686403993, 7, 33, 41, 0, 0, 0.05%, 1, 0, 0, 847.18, 45569, 1170, 0.05%, 33, 33
1686403993, 7, 37, 41, 0, 0, 0.05%, 1, 0, 0, 870.00, 45821, 1179, 0.05%, 33, 33
1686403993, 7, 37, 41, 0, 0, 0.05%, 1, 0, 0, 840.53, 46069, 1184, 0.05%, 33, 33
1686403993, 7, 37, 41, 0, 0, 0.05%, 1, 0, 0, 796.67, 46306, 1186, 0.05%, 33, 33
1686403994, 7, 38, 41, 0, 0, 0.05%, 1, 0, 0, 786.67, 46529, 1199, 0.05%, 33, 33
1686403994, 8, 0, 41, 0, 0, 0.05%, 1, 0, 0, 820.00, 46744, 1230, 0.05%, 33, 33
1686403994, 8, 0, 41, 0, 0, 0.05%, 1, 0, 0, 783.33, 46979, 1230, 0.05%, 33, 33
1686403995, 8, 0, 41, 0, 0, 0.05%, 1, 0, 0, 813.33, 47223, 1230, 0.05%, 33, 33
1686403995, 8, 3, 41, 0, 0, 0.05%, 1, 0, 0, 793.33, 47461, 1230, 0.05%, 33, 33
1686403995, 8, 3, 41, 0, 0, 0.05%, 1, 0, 0, 826.67, 47709, 1230, 0.05%, 33, 33
1686403996, 8, 3, 41, 0, 0, 0.05%, 1, 0, 0, 813.33, 47953, 1230, 0.05%, 33, 33
1686403996, 8, 7, 41, 0, 0, 0.05%, 1, 0, 0, 890.00, 48220, 1230, 0.05%, 33, 33
1686403996, 8, 11, 41, 0, 0, 0.05%, 1, 0, 0, 956.67, 48507, 1230, 0.05%, 33, 33
1686403996, 8, 11, 41, 0, 0, 0.05%, 1, 0, 0, 796.67, 48746, 1230, 0.05%, 33, 33
1686403997, 8, 11, 41, 0, 0, 0.05%, 1, 0, 0, 803.33, 48986, 1231, 0.05%, 33, 33
1686403997, 8, 14, 41, 0, 0, 0.05%, 1, 0, 0, 810.00, 49228, 1232, 0.05%, 33, 33
1686403997, 8, 19, 41, 0, 0, 0.05%, 1, 0, 0, 980.00, 49518, 1236, 0.05%, 33, 33
1686403998, 8, 19, 41, 0, 0, 0.05%, 1, 0, 0, 806.67, 49759, 1237, 0.05%, 33, 33
1686403998, 8, 19, 41, 0, 0, 0.05%, 1, 0, 0, 806.67, 50000, 1238, 0.05%, 33, 33
1686403998, 8, 20, 41, 0, 0, 0.05%, 1, 0, 0, 833.33, 50250, 1238, 0.05%, 33, 33
1686403999, 8, 25, 41, 0, 0, 0.05%, 1, 0, 0, 873.75, 50477, 1274, 0.05%, 33, 33
1686403999, 8, 25, 41, 0, 0, 0.05%, 1, 0, 0, 796.67, 50709, 1281, 0.05%, 33, 33
1686403999, 8, 25, 41, 0, 0, 0.05%, 1, 0, 0, 830.56, 50949, 1291, 0.05%, 33, 33
1686403999, 8, 25, 41, 0, 0, 0.05%, 1, 0, 0, 786.67, 51176, 1300, 0.05%, 33, 33
1686404000, 8, 30, 41, 0, 0, 0.05%, 1, 0, 0, 840.00, 51408, 1320, 0.05%, 33, 33
1686404000, 8, 36, 41, 0, 0, 0.05%, 1, 0, 0, 846.67, 51646, 1336, 0.05%, 33, 33
1686404000, 8, 37, 41, 0, 0, 0.05%, 1, 0, 0, 833.33, 51890, 1342, 0.05%, 33, 33
1686404001, 8, 37, 41, 0, 0, 0.05%, 1, 0, 0, 783.33, 52124, 1343, 0.05%, 33, 33
1686404001, 8, 37, 41, 0, 0, 0.05%, 1, 0, 0, 820.00, 52361, 1352, 0.05%, 33, 33
1686404001, 8, 40, 41, 0, 0, 0.05%, 1, 0, 0, 840.00, 52582, 1383, 0.05%, 33, 33
1686404002, 9, 0, 41, 0, 0, 0.05%, 1, 0, 0, 797.34, 52822, 1383, 0.05%, 33, 33
1686404002, 9, 0, 41, 0, 0, 0.05%, 1, 0, 0, 793.33, 53060, 1383, 0.05%, 33, 33
1686404002, 9, 0, 41, 0, 0, 0.05%, 1, 0, 0, 676.67, 53263, 1383, 0.05%, 33, 33
1686404002, 9, 3, 41, 0, 0, 0.05%, 1, 0, 0, 790.00, 53500, 1383, 0.05%, 33, 33
1686404003, 9, 3, 41, 0, 0, 0.05%, 1, 0, 0, 793.33, 53738, 1383, 0.05%, 33, 33
1686404003, 9, 3, 41, 0, 0, 0.05%, 1, 0, 0, 806.67, 53980, 1383, 0.05%, 33, 33
1686404003, 9, 9, 41, 0, 0, 0.05%, 1, 0, 0, 933.33, 54260, 1383, 0.05%, 33, 33
1686404004, 9, 11, 41, 0, 0, 0.05%, 1, 0, 0, 893.33, 54528, 1383, 0.05%, 33, 33
1686404004, 9, 11, 41, 0, 0, 0.05%, 1, 0, 0, 783.33, 54763, 1383, 0.05%, 33, 33
1686404004, 9, 11, 41, 0, 0, 0.05%, 1, 0, 0, 806.67, 55005, 1383, 0.05%, 33, 33
1686404005, 9, 17, 41, 0, 0, 0.05%, 1, 0, 0, 973.33, 55296, 1384, 0.05%, 33, 33
1686404005, 9, 19, 41, 0, 0, 0.05%, 1, 0, 0, 876.67, 55558, 1385, 0.05%, 33, 33
1686404005, 9, 19, 41, 0, 0, 0.05%, 1, 0, 0, 750.00, 55783, 1385, 0.05%, 33, 33
1686404005, 9, 19, 41, 0, 0, 0.05%, 1, 0, 0, 806.67, 56021, 1389, 0.05%, 33, 33
1686404006, 9, 21, 41, 0, 0, 0.05%, 1, 0, 0, 866.67, 56278, 1392, 0.05%, 33, 33
1686404006, 9, 25, 41, 0, 0, 0.05%, 1, 0, 0, 836.67, 56492, 1429, 0.05%, 33, 33
1686404006, 9, 25, 41, 0, 0, 0.05%, 1, 0, 0, 826.67, 56730, 1439, 0.05%, 33, 33
1686404007, 9, 25, 41, 0, 0, 0.05%, 1, 0, 0, 774.09, 56952, 1450, 0.05%, 33, 33
1686404007, 9, 25, 41, 0, 0, 0.05%, 1, 0, 0, 807.31, 57184, 1461, 0.05%, 33, 33
1686404007, 9, 30, 41, 0, 0, 0.05%, 1, 0, 0, 786.67, 57407, 1474, 0.05%, 33, 33
1686404008, 9, 36, 41, 0, 0, 0.05%, 1, 0, 0, 770.76, 57621, 1492, 0.05%, 33, 33
1686404008, 9, 37, 41, 0, 0, 0.05%, 1, 0, 0, 830.00, 57864, 1498, 0.05%, 33, 33
1686404008, 9, 37, 41, 0, 0, 0.05%, 1, 0, 0, 790.00, 58091, 1508, 0.05%, 33, 33
1686404008, 9, 37, 41, 0, 0, 0.05%, 1, 0, 0, 803.33, 58322, 1518, 0.05%, 33, 33
1686404009, 9, 40, 41, 0, 0, 0.05%, 1, 0, 0, 836.67, 58532, 1559, 0.05%, 33, 33
1686404009, 10, 0, 41, 0, 0, 0.05%, 1, 0, 0, 796.67, 58771, 1559, 0.05%, 33, 33
1686404009, 10, 0, 41, 0, 0, 0.05%, 1, 0, 0, 787.38, 59008, 1559, 0.05%, 33, 33
1686404010, 10, 1, 41, 0, 0, 0.05%, 1, 0, 0, 806.67, 59250, 1559, 0.05%, 33, 33
1686404010, 10, 3, 41, 0, 0, 0.05%, 1, 0, 0, 770.76, 59482, 1559, 0.05%, 33, 33
1686404010, 10, 3, 41, 0, 0, 0.05%, 1, 0, 0, 780.00, 59716, 1559, 0.05%, 33, 33
1686404011, 10, 3, 41, 0, 0, 0.05%, 1, 0, 0, 790.00, 59953, 1559, 0.05%, 33, 33
1686404011, 10, 10, 41, 0, 0, 0.05%, 1, 0, 0, 1000.00, 60253, 1559, 0.05%, 33, 33
1686404011, 10, 11, 41, 0, 0, 0.05%, 1, 0, 0, 836.67, 60504, 1559, 0.05%, 33, 33
1686404011, 10, 11, 41, 0, 0, 0.05%, 1, 0, 0, 816.67, 60749, 1559, 0.05%, 33, 33
1686404012, 10, 11, 41, 0, 0, 0.05%, 1, 0, 0, 806.67, 60991, 1559, 0.05%, 33, 33
1686404012, 10, 18, 41, 0, 0, 0.05%, 1, 0, 0, 1043.33, 61303, 1560, 0.05%, 33, 33
1686404012, 10, 19, 41, 0, 0, 0.05%, 1, 0, 0, 816.67, 61547, 1561, 0.05%, 33, 33
1686404013, 10, 19, 41, 0, 0, 0.05%, 1, 0, 0, 723.33, 61764, 1561, 0.05%, 33, 33
1686404013, 10, 19, 41, 0, 0, 0.05%, 1, 0, 0, 720.93, 61981, 1561, 0.05%, 33, 33
1686404013, 10, 21, 41, 0, 0, 0.05%, 1, 0, 0, 856.67, 62235, 1564, 0.05%, 33, 33
1686404014, 10, 25, 41, 0, 0, 0.05%, 1, 0, 0, 833.33, 62451, 1598, 0.05%, 33, 33
1686404014, 10, 25, 41, 0, 0, 0.05%, 1, 0, 0, 820.00, 62684, 1611, 0.05%, 33, 33
1686404014, 10, 25, 41, 0, 0, 0.05%, 1, 0, 0, 800.00, 62919, 1616, 0.05%, 33, 33
1686404014, 10, 25, 41, 0, 0, 0.05%, 1, 0, 0, 830.00, 63155, 1629, 0.05%, 33, 33
1686404015, 10, 31, 41, 0, 0, 0.05%, 1, 0, 0, 823.33, 63387, 1644, 0.05%, 33, 33
1686404015, 10, 37, 41, 0, 0, 0.05%, 1, 0, 0, 853.33, 63631, 1656, 0.05%, 33, 33
1686404015, 10, 37, 41, 0, 0, 0.05%, 1, 0, 0, 800.00, 63870, 1657, 0.05%, 33, 33
1686404016, 10, 37, 41, 0, 0, 0.05%, 1, 0, 0, 760.00, 64093, 1662, 0.05%, 33, 33
1686404016, 10, 37, 41, 0, 0, 0.05%, 1, 0, 0, 816.67, 64335, 1665, 0.05%, 33, 33
1686404016, 10, 40, 41, 0, 0, 0.05%, 1, 0, 0, 813.95, 64544, 1701, 0.05%, 33, 33
1686404017, 11, 0, 41, 0, 0, 0.05%, 1, 0, 0, 794.02, 64782, 1702, 0.05%, 33, 33
1686404017, 11, 0, 41, 0, 0, 0.05%, 1, 0, 0, 793.33, 65020, 1702, 0.05%, 33, 33
1686404017, 11, 2, 41, 0, 0, 0.05%, 1, 0, 0, 806.67, 65261, 1703, 0.05%, 33, 33
1686404017, 11, 3, 42, 0, 0, 0.05%, 1, 0, 0, 773.33, 65492, 1704, 0.05%, 33, 33
1686404018, 11, 3, 42, 0, 0, 0.05%, 1, 0, 0, 723.33, 65709, 1704, 0.05%, 33, 33
1686404018, 11, 3, 42, 0, 0, 0.05%, 1, 0, 0, 810.63, 65953, 1704, 0.05%, 33, 33
1686404018, 11, 10, 42, 0, 0, 0.05%, 1, 0, 0, 960.00, 66241, 1704, 0.05%, 33, 33
1686404019, 11, 11, 42, 0, 0, 0.05%, 1, 0, 0, 836.67, 66492, 1704, 0.05%, 33, 33
1686404019, 11, 11, 42, 0, 0, 0.05%, 1, 0, 0, 800.66, 66733, 1704, 0.05%, 33, 33
1686404019, 11, 11, 42, 0, 0, 0.05%, 1, 0, 0, 800.00, 66973, 1704, 0.05%, 33, 33
1686404020, 11, 18, 42, 0, 0, 0.05%, 1, 0, 0, 1016.67, 67277, 1705, 0.05%, 33, 33
1686404020, 11, 19, 42, 0, 0, 0.05%, 1, 0, 0, 830.00, 67526, 1705, 0.05%, 33, 33
1686404020, 11, 19, 42, 0, 0, 0.05%, 1, 0, 0, 776.67, 67758, 1706, 0.05%, 33, 33
1686404020, 11, 19, 42, 0, 0, 0.05%, 1, 0, 0, 790.00, 67993, 1708, 0.05%, 33, 33
1686404021, 11, 22, 42, 0, 0, 0.05%, 1, 0, 0, 850.00, 68244, 1712, 0.05%, 33, 33
1686404021, 11, 25, 42, 0, 0, 0.05%, 1, 0, 0, 816.67, 68455, 1746, 0.05%, 33, 33
1686404021, 11, 25, 42, 0, 0, 0.05%, 1, 0, 0, 823.33, 68689, 1759, 0.05%, 33, 33
1686404022, 11, 25, 42, 0, 0, 0.05%, 1, 0, 0, 863.33, 68932, 1775, 0.05%, 33, 33
1686404022, 11, 26, 42, 0, 0, 0.05%, 1, 0, 0, 816.67, 69164, 1788, 0.05%, 33, 33
1686404022, 11, 31, 42, 0, 0, 0.05%, 1, 0, 0, 813.33, 69391, 1805, 0.05%, 33, 33
1686404023, 11, 37, 42, 0, 0, 0.05%, 1, 0, 0, 856.67, 69626, 1827, 0.05%, 33, 33
1686404023, 11, 37, 42, 0, 0, 0.05%, 1, 0, 0, 797.34, 69862, 1831, 0.05%, 33, 33
1686404023, 11, 37, 43, 0, 0, 0.05%, 1, 0, 0, 773.33, 70087, 1838, 0.05%, 34, 34
1686404023, 11, 37, 43, 0, 0, 0.05%, 1, 0, 0, 810.00, 70325, 1843, 0.05%, 34, 34
1686404024, 11, 42, 43, 0, 0, 0.05%, 1, 0, 0, 843.33, 70539, 1882, 0.05%, 34, 34
1686404024, 11, 42, 44, 0, 0, 0.05%, 1, 0, 0, 806.67, 70775, 1888, 0.05%, 34, 34
1686404024, 11, 42, 44, 0, 0, 0.05%, 1, 0, 0, 793.33, 71008, 1893, 0.05%, 34, 34
1686404025, 11, 42, 44, 0, 0, 0.05%, 1, 0, 0, 826.67, 71250, 1899, 0.05%, 34, 34
1686404025, 12, 0, 44, 0, 0, 0.05%, 1, 0, 0, 790.00, 71454, 1932, 0.05%, 34, 34
1686404025, 12, 0, 44, 0, 0, 0.05%, 1, 0, 0, 800.00, 71694, 1932, 0.05%, 34, 34
1686404026, 12, 0, 44, 0, 0, 0.05%, 1, 0, 0, 796.67, 71933, 1932, 0.05%, 34, 34
1686404026, 12, 3, 44, 0, 0, 0.05%, 1, 0, 0, 783.33, 72168, 1932, 0.05%, 34, 34
1686404026, 12, 3, 44, 0, 0, 0.05%, 1, 0, 0, 763.33, 72397, 1932, 0.05%, 34, 34
1686404026, 12, 3, 44, 0, 0, 0.05%, 1, 0, 0, 720.00, 72612, 1933, 0.05%, 34, 34
1686404027, 12, 5, 44, 0, 0, 0.05%, 1, 0, 0, 826.67, 72860, 1933, 0.05%, 34, 34
1686404027, 12, 11, 44, 0, 0, 0.05%, 1, 0, 0, 993.36, 73159, 1933, 0.05%, 34, 34
1686404027, 12, 11, 44, 0, 0, 0.05%, 1, 0, 0, 827.24, 73408, 1933, 0.05%, 34, 34
1686404028, 12, 11, 44, 0, 0, 0.05%, 1, 0, 0, 813.33, 73652, 1933, 0.05%, 34, 34
1686404028, 12, 14, 44, 0, 0, 0.05%, 1, 0, 0, 903.33, 73921, 1935, 0.05%, 34, 34
1686404028, 12, 19, 44, 0, 0, 0.05%, 1, 0, 0, 930.00, 74197, 1938, 0.05%, 34, 34
1686404029, 12, 19, 44, 0, 0, 0.05%, 1, 0, 0, 776.67, 74430, 1938, 0.05%, 34, 34
1686404029, 12, 19, 44, 0, 0, 0.05%, 1, 0, 0, 793.33, 74666, 1940, 0.05%, 34, 34
1686404029, 12, 19, 44, 0, 0, 0.05%, 1, 0, 0, 677.74, 74868, 1942, 0.05%, 34, 34
1686404029, 12, 25, 44, 0, 0, 0.05%, 1, 0, 0, 763.33, 75065, 1974, 0.05%, 34, 34
1686404030, 12, 25, 44, 0, 0, 0.05%, 1, 0, 0, 813.95, 75300, 1984, 0.05%, 34, 34
1686404030, 12, 25, 44, 0, 0, 0.05%, 1, 0, 0, 836.67, 75537, 1998, 0.05%, 34, 34
1686404030, 12, 25, 44, 0, 0, 0.05%, 1, 0, 0, 806.67, 75766, 2011, 0.05%, 34, 34
1686404031, 12, 29, 44, 0, 0, 0.05%, 1, 0, 0, 803.33, 75995, 2023, 0.05%, 34, 34
1686404031, 12, 35, 44, 0, 0, 0.05%, 1, 0, 0, 863.33, 76230, 2047, 0.05%, 34, 34
1686404031, 12, 37, 44, 0, 0, 0.05%, 1, 0, 0, 856.67, 76481, 2053, 0.05%, 34, 34
1686404032, 12, 37, 44, 0, 0, 0.05%, 1, 0, 0, 830.00, 76725, 2058, 0.05%, 34, 34
1686404032, 12, 37, 44, 0, 0, 0.05%, 1, 0, 0, 813.33, 76963, 2064, 0.05%, 34, 34
1686404032, 12, 40, 44, 0, 0, 0.05%, 1, 0, 0, 833.33, 77181, 2096, 0.05%, 34, 34
1686404032, 12, 42, 44, 0, 0, 0.05%, 1, 0, 0, 803.33, 77419, 2099, 0.05%, 34, 34
1686404033, 12, 42, 44, 0, 0, 0.05%, 1, 0, 0, 836.67, 77666, 2103, 0.05%, 34, 34
1686404033, 12, 42, 44, 0, 0, 0.05%, 1, 0, 0, 826.67, 77910, 2107, 0.05%, 34, 34
1686404033, 13, 0, 44, 0, 0, 0.05%, 1, 0, 0, 786.67, 78105, 2148, 0.05%, 34, 34
1686404034, 13, 0, 44, 0, 0, 0.05%, 1, 0, 0, 803.99, 78347, 2148, 0.05%, 34, 34
1686404034, 13, 0, 44, 0, 0, 0.05%, 1, 0, 0, 813.33, 78591, 2148, 0.05%, 34, 34
1686404034, 13, 3, 44, 0, 0, 0.05%, 1, 0, 0, 830.00, 78839, 2149, 0.05%, 34, 34
1686404035, 13, 3, 44, 0, 0, 0.05%, 1, 0, 0, 793.33, 79077, 2149, 0.05%, 34, 34
1686404035, 13, 3, 44, 0, 0, 0.05%, 1, 0, 0, 796.67, 79316, 2149, 0.05%, 34, 34
1686404035, 13, 4, 44, 0, 0, 0.05%, 1, 0, 0, 816.67, 79561, 2149, 0.05%, 34, 34
1686404035, 13, 11, 44, 0, 0, 0.05%, 1, 0, 0, 1010.00, 79864, 2149, 0.05%, 34, 34
1686404036, 13, 11, 44, 0, 0, 0.05%, 1, 0, 0, 796.67, 80103, 2149, 0.05%, 34, 34
1686404036, 13, 11, 44, 0, 0, 0.05%, 1, 0, 0, 654.49, 80300, 2149, 0.05%, 34, 34
1686404036, 13, 11, 44, 0, 0, 0.05%, 1, 0, 0, 790.00, 80536, 2150, 0.05%, 34, 34
1686404037, 13, 19, 44, 0, 0, 0.05%, 1, 0, 0, 1009.97, 80836, 2154, 0.05%, 34, 34
1686404037, 13, 19, 44, 0, 0, 0.05%, 1, 0, 0, 833.33, 81084, 2156, 0.05%, 34, 34
1686404037, 13, 19, 44, 0, 0, 0.05%, 1, 0, 0, 800.00, 81321, 2159, 0.05%, 34, 34
1686404038, 13, 19, 44, 0, 0, 0.05%, 1, 0, 0, 810.00, 81561, 2162, 0.05%, 34, 34
1686404038, 13, 25, 44, 0, 0, 0.05%, 1, 0, 0, 903.33, 81796, 2198, 0.05%, 34, 34
1686404038, 13, 25, 44, 0, 0, 0.05%, 1, 0, 0, 816.67, 82035, 2204, 0.05%, 34, 34
1686404038, 13, 25, 44, 0, 0, 0.05%, 1, 0, 0, 800.66, 82264, 2216, 0.05%, 34, 34
1686404039, 13, 25, 44, 0, 0, 0.05%, 1, 0, 0, 770.00, 82484, 2227, 0.05%, 34, 34
1686404039, 13, 29, 44, 0, 0, 0.05%, 1, 0, 0, 830.00, 82723, 2237, 0.05%, 34, 34
1686404039, 13, 35, 44, 0, 0, 0.05%, 1, 0, 0, 856.67, 82953, 2264, 0.05%, 34, 34
1686404040, 13, 37, 44, 0, 0, 0.05%, 1, 0, 0, 860.00, 83201, 2274, 0.05%, 34, 34
1686404040, 13, 37, 44, 0, 0, 0.05%, 1, 0, 0, 850.00, 83449, 2281, 0.05%, 34, 34
1686404040, 13, 37, 44, 0, 0, 0.05%, 1, 0, 0, 803.33, 83683, 2288, 0.05%, 34, 34
1686404041, 13, 40, 44, 0, 0, 0.05%, 1, 0, 0, 840.53, 83900, 2324, 0.05%, 34, 34
1686404041, 13, 42, 44, 0, 0, 0.05%, 1, 0, 0, 810.00, 84143, 2324, 0.05%, 34, 34
1686404041, 13, 42, 44, 0, 0, 0.05%, 1, 0, 0, 773.33, 84366, 2333, 0.05%, 34, 34
1686404041, 13, 42, 44, 0, 0, 0.05%, 1, 0, 0, 807.31, 84603, 2339, 0.05%, 34, 34
1686404042, 14, 0, 44, 0, 0, 0.05%, 1, 0, 0, 850.00, 84821, 2376, 0.05%, 34, 34
1686404042, 14, 0, 44, 0, 0, 0.05%, 1, 0, 0, 800.00, 85061, 2376, 0.05%, 34, 34
1686404042, 14, 0, 44, 0, 0, 0.05%, 1, 0, 0, 800.00, 85301, 2376, 0.05%, 34, 34
1686404043, 14, 2, 44, 0, 0, 0.05%, 1, 0, 0, 763.33, 85529, 2377, 0.05%, 34, 34
1686404043, 14, 3, 44, 0, 0, 0.05%, 1, 0, 0, 706.67, 85741, 2377, 0.05%, 34, 34
1686404043, 14, 3, 44, 0, 0, 0.05%, 1, 0, 0, 780.00, 85974, 2378, 0.05%, 34, 34
1686404044, 14, 3, 44, 0, 0, 0.05%, 1, 0, 0, 780.00, 86208, 2378, 0.05%, 34, 34
1686404044, 14, 11, 44, 0, 0, 0.05%, 1, 0, 0, 950.00, 86493, 2378, 0.05%, 34, 34
1686404044, 14, 11, 44, 0, 0, 0.05%, 1, 0, 0, 826.67, 86741, 2378, 0.05%, 34, 34
1686404044, 14, 11, 44, 0, 0, 0.05%, 1, 0, 0, 815.18, 86987, 2379, 0.05%, 34, 34
1686404045, 14, 11, 44, 0, 0, 0.05%, 1, 0, 0, 796.67, 87226, 2379, 0.05%, 34, 34
1686404045, 14, 19, 44, 0, 0, 0.05%, 1, 0, 0, 1083.33, 87545, 2385, 0.05%, 34, 34
1686404045, 14, 19, 44, 0, 0, 0.05%, 1, 0, 0, 816.67, 87790, 2385, 0.05%, 34, 34
1686404046, 14, 19, 44, 0, 0, 0.05%, 1, 0, 0, 736.67, 88008, 2388, 0.05%, 34, 34
1686404046, 14, 19, 44, 0, 0, 0.05%, 1, 0, 0, 783.33, 88241, 2390, 0.05%, 34, 34
1686404046, 14, 24, 44, 0, 0, 0.05%, 1, 0, 0, 866.67, 88469, 2422, 0.05%, 34, 34
1686404047, 14, 25, 44, 0, 0, 0.05%, 1, 0, 0, 846.67, 88713, 2432, 0.05%, 34, 34
1686404047, 14, 25, 44, 0, 0, 0.05%, 1, 0, 0, 790.00, 88935, 2447, 0.05%, 34, 34
1686404047, 14, 25, 44, 0, 0, 0.05%, 1, 0, 0, 846.67, 89175, 2461, 0.05%, 34, 34
1686404047, 14, 29, 44, 0, 0, 0.05%, 1, 0, 0, 860.00, 89411, 2483, 0.05%, 34, 34
1686404048, 14, 35, 44, 0, 0, 0.05%, 1, 0, 0, 850.00, 89640, 2509, 0.05%, 34, 34
1686404048, 14, 37, 44, 0, 0, 0.05%, 1, 0, 0, 826.67, 89884, 2513, 0.05%, 34, 34
1686404048, 14, 37, 44, 0, 0, 0.05%, 1, 0, 0, 820.60, 90127, 2517, 0.05%, 34, 34
1686404049, 14, 37, 44, 0, 0, 0.05%, 1, 0, 0, 830.00, 90369, 2524, 0.05%, 34, 34
1686404049, 14, 39, 44, 0, 0, 0.05%, 1, 0, 0, 763.33, 90568, 2554, 0.05%, 34, 34
1686404049, 14, 42, 44, 0, 0, 0.05%, 1, 0, 0, 786.67, 90798, 2560, 0.05%, 34, 34
1686404050, 14, 42, 44, 0, 0, 0.05%, 1, 0, 0, 837.21, 91044, 2566, 0.05%, 34, 34
1686404050, 14, 42, 44, 0, 0, 0.05%, 1, 0, 0, 816.67, 91282, 2573, 0.05%, 34, 34
1686404050, 14, 43, 44, 0, 0, 0.05%, 1, 0, 0, 853.33, 91502, 2609, 0.05%, 34, 34
1686404050, 15, 0, 44, 0, 0, 0.05%, 1, 0, 0, 823.33, 91744, 2614, 0.05%, 34, 34
1686404051, 15, 0, 44, 0, 0, 0.05%, 1, 0, 0, 757.48, 91972, 2614, 0.05%, 34, 34
1686404051, 15, 2, 44, 0, 0, 0.05%, 1, 0, 0, 793.33, 92210, 2614, 0.05%, 34, 34
1686404051, 15, 3, 44, 0, 0, 0.05%, 1, 0, 0, 810.00, 92453, 2614, 0.05%, 34, 34
1686404052, 15, 3, 44, 0, 0, 0.05%, 1, 0, 0, 776.67, 92686, 2614, 0.05%, 34, 34
1686404052, 15, 3, 44, 0, 0, 0.05%, 1, 0, 0, 806.67, 92928, 2614, 0.05%, 34, 34
1686404052, 15, 11, 44, 0, 0, 0.05%, 1, 0, 0, 1070.00, 93248, 2615, 0.05%, 34, 34
1686404053, 15, 11, 44, 0, 0, 0.05%, 1, 0, 0, 796.67, 93487, 2615, 0.05%, 34, 34
1686404053, 15, 11, 44, 0, 0, 0.05%, 1, 0, 0, 806.67, 93729, 2615, 0.05%, 34, 34
1686404053, 15, 13, 44, 0, 0, 0.05%, 1, 0, 0, 856.67, 93986, 2615, 0.05%, 34, 34
1686404053, 15, 19, 44, 0, 0, 0.05%, 1, 0, 0, 986.67, 94278, 2619, 0.05%, 34, 34
1686404054, 15, 19, 44, 0, 0, 0.05%, 1, 0, 0, 807.31, 94520, 2620, 0.05%, 34, 34
1686404054, 15, 19, 44, 0, 0, 0.05%, 1, 0, 0, 813.33, 94761, 2623, 0.05%, 34, 34
1686404054, 15, 19, 44, 0, 0, 0.05%, 1, 0, 0, 720.93, 94975, 2626, 0.05%, 34, 34
1686404055, 15, 25, 44, 0, 0, 0.05%, 1, 0, 0, 850.00, 95185, 2671, 0.05%, 34, 34
1686404055, 15, 25, 44, 0, 0, 0.05%, 1, 0, 0, 796.67, 95415, 2680, 0.05%, 34, 34
1686404055, 15, 25, 44, 0, 0, 0.05%, 1, 0, 0, 850.00, 95659, 2691, 0.05%, 34, 34
1686404056, 15, 25, 44, 0, 0, 0.05%, 1, 0, 0, 823.33, 95901, 2696, 0.05%, 34, 34
1686404056, 15, 29, 44, 0, 0, 0.05%, 1, 0, 0, 793.33, 96130, 2705, 0.05%, 34, 34
1686404056, 15, 35, 44, 0, 0, 0.05%, 1, 0, 0, 813.33, 96355, 2724, 0.05%, 34, 34
1686404056, 15, 37, 44, 0, 0, 0.05%, 1, 0, 0, 843.33, 96601, 2731, 0.05%, 34, 34
1686404057, 15, 37, 44, 0, 0, 0.05%, 1, 0, 0, 820.00, 96840, 2738, 0.05%, 34, 34
1686404057, 15, 37, 44, 0, 0, 0.05%, 1, 0, 0, 820.00, 97080, 2744, 0.05%, 34, 34
1686404057, 15, 40, 44, 0, 0, 0.05%, 1, 0, 0, 860.00, 97296, 2786, 0.05%, 34, 34
1686404058, 15, 42, 44, 0, 0, 0.05%, 1, 0, 0, 807.31, 97532, 2793, 0.05%, 34, 34
1686404058, 15, 42, 44, 0, 0, 0.05%, 1, 0, 0, 818.48, 97778, 2795, 0.05%, 34, 34
1686404058, 15, 42, 44, 0, 0, 0.05%, 1, 0, 0, 830.00, 98019, 2803, 0.05%, 34, 34
1686404059, 16, 0, 44, 0, 0, 0.05%, 1, 0, 0, 843.33, 98232, 2843, 0.05%, 34, 34
1686404059, 16, 0, 44, 0, 0, 0.05%, 1, 0, 0, 786.67, 98468, 2843, 0.05%, 34, 34
1686404059, 16, 0, 44, 0, 0, 0.05%, 1, 0, 0, 726.67, 98686, 2843, 0.05%, 34, 34
1686404059, 16, 2, 44, 0, 0, 0.05%, 1, 0, 0, 723.33, 98903, 2843, 0.05%, 34, 34
1686404060, 16, 3, 44, 0, 0, 0.05%, 1, 0, 0, 810.00, 99146, 2843, 0.05%, 34, 34
1686404060, 16, 3, 44, 0, 0, 0.05%, 1, 0, 0, 813.95, 99391, 2843, 0.05%, 34, 34
1686404060, 16, 3, 44, 0, 0, 0.05%, 1, 0, 0, 810.00, 99633, 2844, 0.05%, 34, 34
1686404061, 16, 11, 44, 0, 0, 0.05%, 1, 0, 0, 1046.67, 99947, 2844, 0.05%, 34, 34
1686404061, 16, 11, 44, 0, 0, 0.05%, 1, 0, 0, 803.33, 100188, 2844, 0.05%, 34, 34
1686404061, 16, 11, 44, 0, 0, 0.05%, 1, 0, 0, 806.67, 100430, 2844, 0.05%, 34, 34
1686404062, 16, 13, 44, 0, 0, 0.05%, 1, 0, 0, 843.33, 100683, 2844, 0.05%, 34, 34
1686404062, 16, 19, 44, 0, 0, 0.05%, 1, 0, 0, 1030.00, 100991, 2845, 0.05%, 34, 34
1686404062, 16, 19, 44, 0, 0, 0.05%, 1, 0, 0, 810.00, 101233, 2846, 0.05%, 34, 34
1686404062, 16, 19, 44, 0, 0, 0.05%, 1, 0, 0, 790.00, 101467, 2849, 0.05%, 34, 34
1686404063, 16, 19, 44, 0, 0, 0.05%, 1, 0, 0, 806.67, 101709, 2849, 0.05%, 34, 34
1686404063, 16, 25, 44, 0, 0, 0.05%, 1, 0, 0, 906.67, 101949, 2881, 0.05%, 34, 34
1686404063, 16, 25, 44, 0, 0, 0.05%, 1, 0, 0, 833.89, 102188, 2893, 0.05%, 34, 34
1686404064, 16, 25, 44, 0, 0, 0.05%, 1, 0, 0, 840.53, 102428, 2906, 0.05%, 34, 34
1686404064, 16, 25, 44, 0, 0, 0.05%, 1, 0, 0, 836.67, 102668, 2917, 0.05%, 34, 34
1686404064, 16, 30, 44, 0, 0, 0.05%, 1, 0, 0, 700.00, 102869, 2926, 0.05%, 34, 34
1686404065, 16, 35, 44, 0, 0, 0.05%, 1, 0, 0, 767.44, 103075, 2951, 0.05%, 34, 34
1686404065, 16, 37, 44, 0, 0, 0.05%, 1, 0, 0, 793.33, 103308, 2956, 0.05%, 34, 34
1686404065, 16, 37, 44, 0, 0, 0.05%, 1, 0, 0, 810.00, 103543, 2964, 0.05%, 34, 34
1686404065, 16, 37, 44, 0, 0, 0.05%, 1, 0, 0, 813.33, 103781, 2970, 0.05%, 34, 34
1686404066, 16, 40, 44, 0, 0, 0.05%, 1, 0, 0, 873.33, 104002, 3011, 0.05%, 34, 34
1686404066, 16, 42, 44, 0, 0, 0.05%, 1, 0, 0, 806.67, 104242, 3013, 0.05%, 34, 34
1686404066, 16, 42, 44, 0, 0, 0.05%, 1, 0, 0, 816.67, 104485, 3015, 0.05%, 34, 34
1686404067, 16, 42, 44, 0, 0, 0.05%, 1, 0, 0, 820.60, 104730, 3017, 0.05%, 34, 34
1686404067, 17, 0, 44, 0, 0, 0.05%, 1, 0, 0, 857.14, 104948, 3057, 0.05%, 34, 34
1686404067, 17, 0, 44, 0, 0, 0.05%, 1, 0, 0, 803.33, 105189, 3057, 0.05%, 34, 34
1686404068, 17, 0, 44, 0, 0, 0.05%, 1, 0, 0, 820.00, 105435, 3057, 0.05%, 34, 34
1686404068, 17, 3, 44, 0, 0, 0.05%, 1, 0, 0, 803.99, 105677, 3057, 0.05%, 34, 34
1686404068, 17, 3, 44, 0, 0, 0.05%, 1, 0, 0, 701.99, 105889, 3057, 0.05%, 34, 34
1686404068, 17, 3, 44, 0, 0, 0.05%, 1, 0, 0, 774.09, 106122, 3057, 0.05%, 34, 34
1686404069, 17, 3, 44, 0, 0, 0.05%, 1, 0, 0, 783.33, 106356, 3058, 0.05%, 34, 34
1686404069, 17, 11, 44, 0, 0, 0.05%, 1, 0, 0, 1036.67, 106667, 3058, 0.05%, 34, 34
1686404069, 17, 11, 44, 0, 0, 0.05%, 1, 0, 0, 786.67, 106903, 3058, 0.05%, 34, 34
1686404070, 17, 11, 44, 0, 0, 0.05%, 1, 0, 0, 770.00, 107134, 3058, 0.05%, 34, 34
1686404070, 17, 11, 44, 0, 0, 0.05%, 1, 0, 0, 736.67, 107355, 3058, 0.05%, 34, 34
1686404070, 17, 19, 44, 0, 0, 0.05%, 1, 0, 0, 1043.33, 107666, 3060, 0.05%, 34, 34
1686404071, 17, 19, 44, 0, 0, 0.05%, 1, 0, 0, 816.67, 107910, 3061, 0.05%, 34, 34
1686404071, 17, 19, 44, 0, 0, 0.05%, 1, 0, 0, 810.00, 108150, 3064, 0.05%, 34, 34
1686404071, 17, 19, 44, 0, 0, 0.05%, 1, 0, 0, 780.00, 108382, 3066, 0.05%, 34, 34
1686404071, 17, 25, 44, 0, 0, 0.05%, 1, 0, 0, 913.33, 108621, 3101, 0.05%, 34, 34
1686404072, 17, 25, 44, 0, 0, 0.05%, 1, 0, 0, 810.63, 108853, 3113, 0.05%, 34, 34
1686404072, 17, 25, 44, 0, 0, 0.05%, 1, 0, 0, 833.33, 109089, 3127, 0.05%, 34, 34
1686404072, 17, 25, 44, 0, 0, 0.05%, 1, 0, 0, 820.00, 109323, 3139, 0.05%, 34, 34
1686404073, 17, 29, 44, 0, 0, 0.05%, 1, 0, 0, 840.00, 109554, 3160, 0.05%, 34, 34
1686404073, 17, 35, 44, 0, 0, 0.05%, 1, 0, 0, 777.41, 109770, 3178, 0.05%, 34, 34
1686404073, 17, 37, 44, 0, 0, 0.05%, 1, 0, 0, 800.00, 110005, 3183, 0.05%, 34, 34
1686404074, 17, 37, 44, 0, 0, 0.05%, 1, 0, 0, 810.00, 110244, 3187, 0.05%, 34, 34
1686404074, 17, 37, 44, 0, 0, 0.05%, 1, 0, 0, 810.00, 110481, 3193, 0.05%, 34, 34
1686404074, 17, 39, 44, 0, 0, 0.05%, 1, 0, 0, 836.67, 110694, 3231, 0.05%, 34, 34
1686404074, 17, 42, 44, 0, 0, 0.05%, 1, 0, 0, 810.00, 110928, 3240, 0.05%, 34, 34
1686404075, 17, 42, 44, 0, 0, 0.05%, 1, 0, 0, 820.00, 111173, 3241, 0.05%, 34, 34
1686404075, 17, 42, 44, 0, 0, 0.05%, 1, 0, 0, 703.33, 111380, 3245, 0.05%, 34, 34
1686404075, 17, 42, 44, 0, 0, 0.05%, 1, 0, 0, 806.67, 111620, 3247, 0.05%, 34, 34
1686404076, 18, 0, 44, 0, 0, 0.05%, 1, 0, 0, 823.92, 111835, 3280, 0.05%, 34, 34
1686404076, 18, 0, 44, 0, 0, 0.05%, 1, 0, 0, 806.67, 112077, 3280, 0.05%, 34, 34
1686404076, 18, 1, 44, 0, 0, 0.05%, 1, 0, 0, 806.67, 112319, 3280, 0.05%, 34, 34
1686404077, 18, 3, 44, 0, 0, 0.05%, 1, 0, 0, 793.33, 112557, 3280, 0.05%, 34, 34
1686404077, 18, 3, 44, 0, 0, 0.05%, 1, 0, 0, 786.67, 112793, 3280, 0.05%, 34, 34
1686404077, 18, 3, 44, 0, 0, 0.05%, 1, 0, 0, 793.33, 113031, 3280, 0.05%, 34, 34
1686404077, 18, 11, 44, 0, 0, 0.05%, 1, 0, 0, 1033.22, 113342, 3280, 0.05%, 34, 34
1686404078, 18, 11, 44, 0, 0, 0.05%, 1, 0, 0, 800.00, 113581, 3281, 0.05%, 34, 34
1686404078, 18, 11, 44, 0, 0, 0.05%, 1, 0, 0, 806.67, 113823, 3281, 0.05%, 34, 34
1686404078, 18, 11, 44, 0, 0, 0.05%, 1, 0, 0, 793.33, 114061, 3281, 0.05%, 34, 34
1686404079, 18, 19, 44, 0, 0, 0.05%, 1, 0, 0, 1036.67, 114369, 3284, 0.05%, 34, 34
1686404079, 18, 19, 44, 0, 0, 0.05%, 1, 0, 0, 813.33, 114613, 3284, 0.05%, 34, 34
1686404079, 18, 19, 44, 0, 0, 0.05%, 1, 0, 0, 790.00, 114846, 3288, 0.05%, 34, 34
1686404080, 18, 19, 44, 0, 0, 0.05%, 1, 0, 0, 806.67, 115087, 3289, 0.05%, 34, 34
1686404080, 18, 25, 44, 0, 0, 0.05%, 1, 0, 0, 880.40, 115324, 3317, 0.05%, 34, 34
1686404080, 18, 25, 44, 0, 0, 0.05%, 1, 0, 0, 760.80, 115540, 3330, 0.05%, 34, 34
1686404080, 18, 25, 44, 0, 0, 0.05%, 1, 0, 0, 753.33, 115754, 3342, 0.05%, 34, 34
1686404081, 18, 25, 44, 0, 0, 0.05%, 1, 0, 0, 840.00, 115998, 3350, 0.05%, 34, 34
1686404081, 18, 28, 44, 0, 0, 0.05%, 1, 0, 0, 853.33, 116240, 3364, 0.05%, 34, 34
1686404081, 18, 34, 44, 0, 0, 0.05%, 1, 0, 0, 833.33, 116460, 3394, 0.05%, 34, 34
1686404082, 18, 37, 44, 0, 0, 0.05%, 1, 0, 0, 850.00, 116705, 3404, 0.05%, 34, 34
1686404082, 18, 37, 44, 0, 0, 0.05%, 1, 0, 0, 860.00, 116958, 3409, 0.05%, 34, 34
1686404082, 18, 37, 44, 0, 0, 0.05%, 1, 0, 0, 840.00, 117206, 3413, 0.05%, 34, 34
1686404083, 18, 40, 44, 0, 0, 0.05%, 1, 0, 0, 853.33, 117425, 3450, 0.05%, 34, 34
1686404083, 18, 42, 44, 0, 0, 0.05%, 1, 0, 0, 810.00, 117663, 3455, 0.05%, 34, 34
1686404083, 18, 42, 44, 0, 0, 0.05%, 1, 0, 0, 817.28, 117907, 3457, 0.05%, 34, 34
1686404083, 18, 42, 44, 0, 0, 0.05%, 1, 0, 0, 810.00, 118145, 3462, 0.05%, 34, 34
1686404084, 19, 0, 44, 0, 0, 0.05%, 1, 0, 0, 856.67, 118369, 3495, 0.05%, 34, 34
1686404084, 19, 0, 44, 0, 0, 0.05%, 1, 0, 0, 823.92, 118617, 3495, 0.05%, 34, 34
1686404084, 19, 0, 44, 0, 0, 0.05%, 1, 0, 0, 806.67, 118859, 3495, 0.05%, 34, 34
1686404085, 19, 2, 44, 0, 0, 0.05%, 1, 0, 0, 754.15, 119086, 3495, 0.05%, 34, 34
1686404085, 19, 3, 44, 0, 0, 0.05%, 1, 0, 0, 816.67, 119331, 3495, 0.05%, 34, 34
1686404085, 19, 3, 44, 0, 0, 0.05%, 1, 0, 0, 833.33, 119581, 3495, 0.05%, 34, 34
1686404086, 19, 3, 44, 0, 0, 0.05%, 1, 0, 0, 724.25, 119799, 3495, 0.05%, 34, 34
1686404086, 19, 11, 44, 0, 0, 0.05%, 1, 0, 0, 1030.00, 120108, 3495, 0.05%, 34, 34
1686404086, 19, 11, 44, 0, 0, 0.05%, 1, 0, 0, 800.00, 120348, 3495, 0.05%, 34, 34
1686404087, 19, 11, 44, 0, 0, 0.05%, 1, 0, 0, 810.63, 120592, 3495, 0.05%, 34, 34
1686404087, 19, 13, 44, 0, 0, 0.05%, 1, 0, 0, 876.67, 120854, 3496, 0.05%, 34, 34
1686404087, 19, 19, 44, 0, 0, 0.05%, 1, 0, 0, 1010.00, 121155, 3498, 0.05%, 34, 34
1686404087, 19, 19, 44, 0, 0, 0.05%, 1, 0, 0, 800.00, 121395, 3498, 0.05%, 34, 34
1686404088, 19, 19, 44, 0, 0, 0.05%, 1, 0, 0, 800.66, 121636, 3498, 0.05%, 34, 34
1686404088, 19, 19, 44, 0, 0, 0.05%, 1, 0, 0, 820.00, 121878, 3502, 0.05%, 34, 34
1686404088, 19, 25, 44, 0, 0, 0.05%, 1, 0, 0, 916.67, 122114, 3541, 0.05%, 34, 34
1686404089, 19, 25, 44, 0, 0, 0.05%, 1, 0, 0, 826.67, 122351, 3552, 0.05%, 34, 34
1686404089, 19, 25, 44, 0, 0, 0.05%, 1, 0, 0, 830.00, 122592, 3560, 0.05%, 34, 34
1686404089, 19, 25, 44, 0, 0, 0.05%, 1, 0, 0, 823.33, 122833, 3566, 0.05%, 34, 34
1686404090, 19, 31, 44, 0, 0, 0.05%, 1, 0, 0, 853.33, 123069, 3586, 0.05%, 34, 34
1686404090, 19, 37, 44, 0, 0, 0.05%, 1, 0, 0, 853.33, 123312, 3599, 0.05%, 34, 34
1686404090, 19, 37, 44, 0, 0, 0.05%, 1, 0, 0, 853.33, 123566, 3601, 0.05%, 34, 34
1686404090, 19, 37, 44, 0, 0, 0.05%, 1, 0, 0, 826.67, 123809, 3606, 0.05%, 34, 34
1686404091, 19, 37, 44, 0, 0, 0.05%, 1, 0, 0, 740.00, 124028, 3609, 0.05%, 34, 34
1686404091, 19, 42, 44, 0, 0, 0.05%, 1, 0, 0, 843.33, 124247, 3643, 0.05%, 34, 34
1686404091, 19, 42, 44, 0, 0, 0.05%, 1, 0, 0, 797.34, 124482, 3648, 0.05%, 34, 34
1686404092, 19, 42, 44, 0, 0, 0.05%, 1, 0, 0, 710.96, 124692, 3652, 0.05%, 34, 34
1686404092, 19, 42, 44, 0, 0, 0.05%, 1, 0, 0, 653.33, 124885, 3655, 0.05%, 34, 34
1686404092, 19, 43, 44, 0, 0, 0.05%, 1, 0, 0, 826.67, 125100, 3688, 0.05%, 34, 34
1686404093, 20, 0, 44, 0, 0, 0.05%, 1, 0, 0, 820.60, 125346, 3689, 0.05%, 34, 34
1686404093, 20, 0, 44, 0, 0, 0.05%, 1, 0, 0, 823.33, 125593, 3689, 0.05%, 34, 34
1686404093, 20, 3, 44, 0, 0, 0.05%, 1, 0, 0, 820.00, 125839, 3689, 0.05%, 34, 34
1686404093, 20, 3, 44, 0, 0, 0.05%, 1, 0, 0, 800.00, 126079, 3689, 0.05%, 34, 34
1686404094, 20, 3, 44, 0, 0, 0.05%, 1, 0, 0, 796.67, 126317, 3690, 0.05%, 34, 34
1686404094, 20, 4, 44, 0, 0, 0.05%, 1, 0, 0, 833.33, 126567, 3690, 0.05%, 34, 34
1686404094, 20, 11, 44, 0, 0, 0.05%, 1, 0, 0, 1030.00, 126876, 3690, 0.05%, 34, 34
1686404095, 20, 11, 44, 0, 0, 0.05%, 1, 0, 0, 823.33, 127123, 3690, 0.05%, 34, 34
1686404095, 20, 11, 44, 0, 0, 0.05%, 1, 0, 0, 810.00, 127366, 3690, 0.05%, 34, 34
1686404095, 20, 14, 44, 0, 0, 0.05%, 1, 0, 0, 863.33, 127623, 3692, 0.05%, 34, 34
1686404096, 20, 19, 44, 0, 0, 0.05%, 1, 0, 0, 963.33, 127911, 3693, 0.05%, 34, 34
1686404096, 20, 19, 44, 0, 0, 0.05%, 1, 0, 0, 756.67, 128136, 3695, 0.05%, 34, 34
1686404096, 20, 19, 44, 0, 0, 0.05%, 1, 0, 0, 810.63, 128378, 3697, 0.05%, 34, 34
1686404096, 20, 19, 44, 0, 0, 0.05%, 1, 0, 0, 662.25, 128577, 3698, 0.05%, 34, 34
1686404097, 20, 25, 44, 0, 0, 0.05%, 1, 0, 0, 873.33, 128803, 3734, 0.05%, 34, 34
1686404097, 20, 25, 44, 0, 0, 0.05%, 1, 0, 0, 850.00, 129048, 3744, 0.05%, 34, 34
1686404097, 20, 25, 44, 0, 0, 0.05%, 1, 0, 0, 827.24, 129287, 3754, 0.05%, 34, 34
1686404098, 20, 25, 44, 0, 0, 0.05%, 1, 0, 0, 850.00, 129533, 3763, 0.05%, 34, 34
1686404098, 20, 30, 44, 0, 0, 0.05%, 1, 0, 0, 810.00, 129758, 3781, 0.05%, 34, 34
1686404098, 20, 36, 44, 0, 0, 0.05%, 1, 0, 0, 873.33, 129997, 3804, 0.05%, 34, 34
1686404099, 20, 37, 44, 0, 0, 0.05%, 1, 0, 0, 813.33, 130240, 3805, 0.05%, 34, 34
1686404099, 20, 37, 44, 0, 0, 0.05%, 1, 0, 0, 806.67, 130478, 3809, 0.05%, 34, 34
1686404099, 20, 37, 44, 0, 0, 0.05%, 1, 0, 0, 780.00, 130707, 3814, 0.05%, 34, 34
1686404099, 20, 40, 44, 0, 0, 0.05%, 1, 0, 0, 790.70, 130904, 3855, 0.05%, 34, 34
1686404100, 20, 42, 44, 0, 0, 0.05%, 1, 0, 0, 793.33, 131139, 3858, 0.05%, 34, 34
1686404100, 20, 42, 44, 0, 0, 0.05%, 1, 0, 0, 823.33, 131383, 3861, 0.05%, 34, 34
1686404100, 20, 42, 44, 0, 0, 0.05%, 1, 0, 0, 810.00, 131624, 3863, 0.05%, 34, 34
1686404101, 21, 0, 44, 0, 0, 0.05%, 1, 0, 0, 856.67, 131846, 3898, 0.05%, 34, 34
1686404101, 21, 0, 44, 0, 0, 0.05%, 1, 0, 0, 770.00, 132077, 3898, 0.05%, 34, 34
1686404101, 21, 0, 44, 0, 0, 0.05%, 1, 0, 0, 743.33, 132300, 3898, 0.05%, 34, 34
1686404102, 21, 2, 44, 0, 0, 0.05%, 1, 0, 0, 776.67, 132533, 3898, 0.05%, 34, 34
1686404102, 21, 3, 44, 0, 0, 0.05%, 1, 0, 0, 786.67, 132768, 3899, 0.05%, 34, 34
1686404102, 21, 3, 44, 0, 0, 0.05%, 1, 0, 0, 750.00, 132993, 3899, 0.05%, 34, 34
1686404102, 21, 3, 44, 0, 0, 0.05%, 1, 0, 0, 813.33, 133237, 3899, 0.05%, 34, 34
1686404103, 21, 11, 44, 0, 0, 0.05%, 1, 0, 0, 1023.33, 133544, 3899, 0.05%, 34, 34
1686404103, 21, 11, 44, 0, 0, 0.05%, 1, 0, 0, 833.33, 133793, 3900, 0.05%, 34, 34
1686404103, 21, 11, 44, 0, 0, 0.05%, 1, 0, 0, 820.00, 134039, 3900, 0.05%, 34, 34
1686404104, 21, 12, 44, 0, 0, 0.05%, 1, 0, 0, 860.00, 134297, 3900, 0.05%, 34, 34
1686404104, 21, 19, 44, 0, 0, 0.05%, 1, 0, 0, 1009.97, 134597, 3904, 0.05%, 34, 34
1686404104, 21, 19, 44, 0, 0, 0.05%, 1, 0, 0, 830.00, 134845, 3905, 0.05%, 34, 34
1686404105, 21, 19, 44, 0, 0, 0.05%, 1, 0, 0, 807.31, 135088, 3905, 0.05%, 34, 34
1686404105, 21, 19, 44, 0, 0, 0.05%, 1, 0, 0, 810.00, 135328, 3908, 0.05%, 34, 34
1686404105, 21, 25, 44, 0, 0, 0.05%, 1, 0, 0, 920.27, 135560, 3953, 0.05%, 34, 34
1686404105, 21, 25, 44, 0, 0, 0.05%, 1, 0, 0, 826.67, 135798, 3963, 0.05%, 34, 34
1686404106, 21, 25, 44, 0, 0, 0.05%, 1, 0, 0, 833.33, 136042, 3969, 0.05%, 34, 34
1686404106, 21, 25, 44, 0, 0, 0.05%, 1, 0, 0, 800.00, 136273, 3978, 0.05%, 34, 34
1686404106, 21, 30, 44, 0, 0, 0.05%, 1, 0, 0, 763.33, 136484, 3996, 0.05%, 34, 34
1686404107, 21, 36, 44, 0, 0, 0.05%, 1, 0, 0, 866.67, 136723, 4017, 0.05%, 34, 34
1686404107, 21, 37, 44, 0, 0, 0.05%, 1, 0, 0, 796.67, 136953, 4026, 0.05%, 34, 34
1686404107, 21, 37, 44, 0, 0, 0.05%, 1, 0, 0, 823.33, 137198, 4028, 0.05%, 34, 34
1686404108, 21, 37, 44, 0, 0, 0.05%, 1, 0, 0, 756.67, 137422, 4031, 0.05%, 34, 34
1686404108, 21, 40, 44, 0, 0, 0.05%, 1, 0, 0, 796.67, 137630, 4062, 0.05%, 34, 34
1686404108, 21, 42, 44, 0, 0, 0.05%, 1, 0, 0, 790.00, 137867, 4062, 0.05%, 34, 34
1686404108, 21, 42, 44, 0, 0, 0.05%, 1, 0, 0, 774.09, 138098, 4064, 0.05%, 34, 34
1686404109, 21, 42, 44, 0, 0, 0.05%, 1, 0, 0, 813.33, 138336, 4070, 0.05%, 34, 34
1686404109, 21, 43, 44, 0, 0, 0.05%, 1, 0, 0, 830.56, 138552, 4104, 0.05%, 34, 34
1686404109, 22, 0, 44, 0, 0, 0.05%, 1, 0, 0, 807.31, 138789, 4110, 0.05%, 34, 34
1686404110, 22, 0, 44, 0, 0, 0.05%, 1, 0, 0, 800.00, 139029, 4110, 0.05%, 34, 34
1686404110, 22, 2, 44, 0, 0, 0.05%, 1, 0, 0, 796.67, 139268, 4110, 0.05%, 34, 34
1686404110, 22, 3, 44, 0, 0, 0.05%, 1, 0, 0, 827.24, 139517, 4110, 0.05%, 34, 34
1686404111, 22, 3, 44, 0, 0, 0.05%, 1, 0, 0, 803.33, 139758, 4110, 0.05%, 34, 34
1686404111, 22, 4, 44, 0, 0, 0.05%, 1, 0, 0, 816.67, 140003, 4110, 0.05%, 34, 34
1686404111, 22, 11, 44, 0, 0, 0.05%, 1, 0, 0, 1046.67, 140317, 4110, 0.05%, 34, 34
1686404111, 22, 11, 44, 0, 0, 0.05%, 1, 0, 0, 753.33, 140543, 4110, 0.05%, 34, 34
1686404112, 22, 11, 44, 0, 0, 0.05%, 1, 0, 0, 810.00, 140786, 4110, 0.05%, 34, 34
1686404112, 22, 13, 44, 0, 0, 0.05%, 1, 0, 0, 906.67, 141057, 4111, 0.05%, 34, 34
1686404112, 22, 19, 44, 0, 0, 0.05%, 1, 0, 0, 970.10, 141347, 4113, 0.05%, 34, 34
1686404113, 22, 19, 44, 0, 0, 0.05%, 1, 0, 0, 826.67, 141593, 4115, 0.05%, 34, 34
1686404113, 22, 19, 44, 0, 0, 0.05%, 1, 0, 0, 727.57, 141808, 4119, 0.05%, 34, 34
1686404113, 22, 19, 44, 0, 0, 0.05%, 1, 0, 0, 830.00, 142054, 4122, 0.05%, 34, 34
1686404114, 22, 25, 44, 0, 0, 0.05%, 1, 0, 0, 913.33, 142294, 4156, 0.05%, 34, 34
1686404114, 22, 25, 44, 0, 0, 0.05%, 1, 0, 0, 843.85, 142543, 4161, 0.05%, 34, 34
1686404114, 22, 25, 44, 0, 0, 0.05%, 1, 0, 0, 820.00, 142783, 4167, 0.05%, 34, 34
1686404114, 22, 25, 44, 0, 0, 0.05%, 1, 0, 0, 840.00, 143021, 4181, 0.05%, 34, 34
1686404115, 22, 31, 44, 0, 0, 0.05%, 1, 0, 0, 840.00, 143254, 4200, 0.05%, 34, 34
1686404115, 22, 37, 44, 0, 0, 0.05%, 1, 0, 0, 876.67, 143502, 4215, 0.05%, 34, 34
1686404115, 22, 37, 44, 0, 0, 0.05%, 1, 0, 0, 836.67, 143749, 4219, 0.05%, 34, 34
1686404116, 22, 37, 44, 0, 0, 0.05%, 1, 0, 0, 823.33, 143994, 4221, 0.05%, 34, 34
1686404116, 22, 37, 44, 0, 0, 0.05%, 1, 0, 0, 826.67, 144234, 4229, 0.05%, 34, 34
1686404116, 22, 42, 44, 0, 0, 0.05%, 1, 0, 0, 756.67, 144430, 4260, 0.05%, 34, 34
1686404117, 22, 42, 44, 0, 0, 0.05%, 1, 0, 0, 776.67, 144659, 4264, 0.05%, 34, 34
1686404117, 22, 42, 44, 0, 0, 0.05%, 1, 0, 0, 776.67, 144889, 4267, 0.05%, 34, 34
1686404117, 22, 42, 44, 0, 0, 0.05%, 1, 0, 0, 843.33, 145138, 4271, 0.05%, 34, 34
1686404117, 23, 0, 44, 0, 0, 0.05%, 1, 0, 0, 863.33, 145359, 4309, 0.05%, 34, 34
1686404118, 23, 0, 44, 0, 0, 0.05%, 1, 0, 0, 823.33, 145606, 4309, 0.05%, 34, 34
1686404118, 23, 0, 44, 0, 0, 0.05%, 1, 0, 0, 811.26, 145851, 4309, 0.05%, 34, 34
1686404118, 23, 3, 44, 0, 0, 0.05%, 1, 0, 0, 783.33, 146086, 4309, 0.05%, 34, 34
1686404119, 23, 3, 44, 0, 0, 0.05%, 1, 0, 0, 820.00, 146332, 4309, 0.05%, 34, 34
1686404119, 23, 3, 44, 0, 0, 0.05%, 1, 0, 0, 780.00, 146566, 4309, 0.05%, 34, 34
1686404119, 23, 6, 44, 0, 0, 0.05%, 1, 0, 0, 883.33, 146831, 4309, 0.05%, 34, 34
1686404120, 23, 11, 44, 0, 0, 0.05%, 1, 0, 0, 946.67, 147114, 4310, 0.05%, 34, 34
1686404120, 23, 11, 44, 0, 0, 0.05%, 1, 0, 0, 810.00, 147357, 4310, 0.05%, 34, 34
1686404120, 23, 11, 44, 0, 0, 0.05%, 1, 0, 0, 803.33, 147598, 4310, 0.05%, 34, 34
1686404120, 23, 16, 44, 0, 0, 0.05%, 1, 0, 0, 916.67, 147871, 4312, 0.05%, 34, 34
1686404121, 23, 19, 44, 0, 0, 0.05%, 1, 0, 0, 910.00, 148139, 4317, 0.05%, 34, 34
1686404121, 23, 19, 44, 0, 0, 0.05%, 1, 0, 0, 796.67, 148376, 4319, 0.05%, 34, 34
1686404121, 23, 19, 44, 0, 0, 0.05%, 1, 0, 0, 770.00, 148607, 4319, 0.05%, 34, 34
1686404122, 23, 21, 44, 0, 0, 0.05%, 1, 0, 0, 860.00, 148860, 4324, 0.05%, 34, 34
1686404122, 23, 25, 44, 0, 0, 0.05%, 1, 0, 0, 756.67, 149053, 4358, 0.05%, 34, 34
1686404122, 23, 25, 44, 0, 0, 0.05%, 1, 0, 0, 807.31, 149285, 4369, 0.05%, 34, 34
1686404123, 23, 25, 44, 0, 0, 0.05%, 1, 0, 0, 813.95, 149517, 4382, 0.05%, 34, 34
1686404123, 23, 25, 44, 0, 0, 0.05%, 1, 0, 0, 836.67, 149754, 4396, 0.05%, 34, 34
1686404123, 23, 31, 44, 0, 0, 0.05%, 1, 0, 0, 850.00, 149977, 4428, 0.05%, 34, 34
1686404123, 23, 37, 44, 0, 0, 0.05%, 1, 0, 0, 983.33, 150142, 4558, 0.05%, 34, 34
1686404124, 23, 37, 44, 0, 0, 0.05%, 1, 0, 0, 830.00, 150381, 4568, 0.05%, 34, 34
1686404124, 23, 37, 44, 0, 0, 0.05%, 1, 0, 0, 803.33, 150620, 4570, 0.05%, 34, 34
1686404124, 23, 37, 44, 0, 0, 0.05%, 1, 0, 0, 764.12, 150848, 4572, 0.05%, 34, 34
1686404125, 23, 42, 44, 0, 0, 0.05%, 1, 0, 0, 853.33, 151036, 4640, 0.05%, 34, 34
1686404125, 23, 42, 44, 0, 0, 0.05%, 1, 0, 0, 800.00, 151274, 4642, 0.05%, 34, 34
1686404125, 23, 42, 44, 0, 0, 0.05%, 1, 0, 0, 823.33, 151517, 4646, 0.05%, 34, 34
1686404126, 23, 42, 44, 0, 0, 0.05%, 1, 0, 0, 786.67, 151752, 4647, 0.05%, 34, 34
1686404126, 24, 0, 44, 0, 0, 0.05%, 1, 0, 0, 846.67, 151966, 4687, 0.05%, 34, 34
1686404126, 24, 0, 44, 0, 0, 0.05%, 1, 0, 0, 806.67, 152208, 4687, 0.05%, 34, 34
1686404126, 24, 0, 44, 0, 0, 0.05%, 1, 0, 0, 813.95, 152453, 4687, 0.05%, 34, 34
1686404127, 24, 3, 44, 0, 0, 0.05%, 1, 0, 0, 823.92, 152701, 4687, 0.05%, 34, 34
1686404127, 24, 3, 44, 0, 0, 0.05%, 1, 0, 0, 733.33, 152920, 4688, 0.05%, 34, 34
1686404127, 24, 3, 44, 0, 0, 0.05%, 1, 0, 0, 813.33, 153163, 4689, 0.05%, 34, 34
1686404128, 24, 8, 44, 0, 0, 0.05%, 1, 0, 0, 946.84, 153448, 4689, 0.05%, 34, 34
1686404128, 24, 11, 44, 0, 0, 0.05%, 1, 0, 0, 910.30, 153722, 4689, 0.05%, 34, 34
1686404128, 24, 11, 44, 0, 0, 0.05%, 1, 0, 0, 803.99, 153964, 4689, 0.05%, 34, 34
1686404129, 24, 11, 44, 0, 0, 0.05%, 1, 0, 0, 793.33, 154201, 4690, 0.05%, 34, 34
1686404129, 24, 18, 44, 0, 0, 0.05%, 1, 0, 0, 1000.00, 154498, 4693, 0.05%, 34, 34
1686404129, 24, 19, 44, 0, 0, 0.05%, 1, 0, 0, 866.67, 154758, 4693, 0.05%, 34, 34
1686404129, 24, 19, 44, 0, 0, 0.05%, 1, 0, 0, 820.00, 154998, 4699, 0.05%, 34, 34
1686404130, 24, 19, 44, 0, 0, 0.05%, 1, 0, 0, 826.67, 155245, 4700, 0.05%, 34, 34
1686404130, 24, 24, 44, 0, 0, 0.05%, 1, 0, 0, 890.37, 155485, 4728, 0.05%, 34, 34
1686404130, 24, 25, 44, 0, 0, 0.05%, 1, 0, 0, 826.67, 155722, 4739, 0.05%, 34, 34
1686404131, 24, 25, 44, 0, 0, 0.05%, 1, 0, 0, 836.67, 155966, 4746, 0.05%, 34, 34
1686404131, 24, 25, 44, 0, 0, 0.05%, 1, 0, 0, 823.33, 156197, 4762, 0.05%, 34, 34
1686404131, 24, 28, 44, 0, 0, 0.05%, 1, 0, 0, 843.33, 156439, 4773, 0.05%, 34, 34
1686404132, 24, 35, 44, 0, 0, 0.05%, 1, 0, 0, 1030.00, 156601, 4920, 0.05%, 34, 34
1686404132, 24, 37, 44, 0, 0, 0.05%, 1, 0, 0, 870.00, 156855, 4927, 0.05%, 34, 34
1686404132, 24, 37, 44, 0, 0, 0.05%, 1, 0, 0, 780.00, 157084, 4932, 0.05%, 34, 34
1686404132, 24, 37, 44, 0, 0, 0.05%, 1, 0, 0, 790.00, 157318, 4935, 0.05%, 34, 34
1686404133, 24, 41, 44, 0, 0, 0.05%, 1, 0, 0, 890.00, 157518, 5002, 0.05%, 34, 34
1686404133, 24, 42, 44, 0, 0, 0.05%, 1, 0, 0, 760.80, 157743, 5006, 0.05%, 34, 34
1686404133, 24, 42, 44, 0, 0, 0.05%, 1, 0, 0, 806.67, 157979, 5012, 0.05%, 34, 34
1686404134, 24, 42, 44, 0, 0, 0.05%, 1, 0, 0, 830.00, 158225, 5015, 0.05%, 34, 34
1686404134, 25, 0, 44, 0, 0, 0.05%, 1, 0, 0, 870.00, 158451, 5050, 0.05%, 34, 34
1686404134, 25, 0, 44, 0, 0, 0.05%, 1, 0, 0, 780.00, 158685, 5050, 0.05%, 34, 34
1686404135, 25, 0, 44, 0, 0, 0.05%, 1, 0, 0, 793.33, 158923, 5050, 0.05%, 34, 34
1686404135, 25, 3, 44, 0, 0, 0.05%, 1, 0, 0, 833.33, 159173, 5050, 0.05%, 34, 34
1686404135, 25, 3, 44, 0, 0, 0.05%, 1, 0, 0, 823.33, 159420, 5050, 0.05%, 34, 34
1686404135, 25, 3, 44, 0, 0, 0.05%, 1, 0, 0, 816.67, 159665, 5050, 0.05%, 34, 34
1686404136, 25, 5, 44, 0, 0, 0.05%, 1, 0, 0, 840.00, 159917, 5050, 0.05%, 34, 34
1686404136, 25, 11, 44, 0, 0, 0.05%, 1, 0, 0, 1040.00, 160229, 5050, 0.05%, 34, 34
1686404136, 25, 11, 44, 0, 0, 0.05%, 1, 0, 0, 810.00, 160472, 5050, 0.05%, 34, 34
1686404137, 25, 11, 44, 0, 0, 0.05%, 1, 0, 0, 810.00, 160715, 5050, 0.05%, 34, 34
1686404137, 25, 16, 44, 0, 0, 0.05%, 1, 0, 0, 966.67, 161005, 5050, 0.05%, 34, 34
1686404137, 25, 19, 44, 0, 0, 0.05%, 1, 0, 0, 916.67, 161279, 5051, 0.05%, 34, 34
1686404138, 25, 19, 44, 0, 0, 0.05%, 1, 0, 0, 746.67, 161501, 5053, 0.05%, 34, 34
1686404138, 25, 19, 44, 0, 0, 0.05%, 1, 0, 0, 813.33, 161740, 5058, 0.05%, 34, 34
1686404138, 25, 21, 44, 0, 0, 0.05%, 1, 0, 0, 843.33, 161988, 5063, 0.05%, 34, 34
1686404138, 25, 25, 44, 0, 0, 0.05%, 1, 0, 0, 870.00, 162204, 5108, 0.05%, 34, 34
1686404139, 25, 25, 44, 0, 0, 0.05%, 1, 0, 0, 810.63, 162437, 5119, 0.05%, 34, 34
1686404139, 25, 25, 44, 0, 0, 0.05%, 1, 0, 0, 840.00, 162675, 5133, 0.05%, 34, 34
1686404139, 25, 26, 44, 0, 0, 0.05%, 1, 0, 0, 823.33, 162913, 5142, 0.05%, 34, 34
1686404140, 25, 33, 44, 0, 0, 0.05%, 1, 0, 0, 930.00, 163105, 5229, 0.05%, 34, 34
1686404140, 25, 37, 44, 0, 0, 0.05%, 1, 0, 0, 960.00, 163321, 5301, 0.05%, 34, 34
1686404140, 25, 37, 44, 0, 0, 0.05%, 1, 0, 0, 856.67, 163566, 5313, 0.05%, 34, 34
1686404141, 25, 37, 44, 0, 0, 0.05%, 1, 0, 0, 800.66, 163797, 5323, 0.05%, 34, 34
1686404141, 25, 39, 44, 0, 0, 0.05%, 1, 0, 0, 903.33, 164013, 5378, 0.05%, 34, 34
1686404141, 25, 42, 44, 0, 0, 0.05%, 1, 0, 0, 826.67, 164244, 5395, 0.05%, 34, 34
1686404141, 25, 42, 44, 0, 0, 0.05%, 1, 0, 0, 830.00, 164490, 5398, 0.05%, 34, 34
1686404142, 25, 42, 44, 0, 0, 0.05%, 1, 0, 0, 833.89, 164740, 5399, 0.05%, 34, 34
1686404142, 25, 43, 44, 0, 0, 0.05%, 1, 0, 0, 873.33, 164965, 5436, 0.05%, 34, 34
1686404142, 26, 0, 44, 0, 0, 0.05%, 1, 0, 0, 816.67, 165210, 5436, 0.05%, 34, 34
1686404143, 26, 0, 44, 0, 0, 0.05%, 1, 0, 0, 734.22, 165431, 5436, 0.05%, 34, 34
1686404143, 26, 2, 44, 0, 0, 0.05%, 1, 0, 0, 826.67, 165679, 5436, 0.05%, 34, 34
1686404143, 26, 3, 44, 0, 0, 0.05%, 1, 0, 0, 813.33, 165923, 5436, 0.05%, 34, 34
1686404144, 26, 3, 44, 0, 0, 0.05%, 1, 0, 0, 790.00, 166160, 5436, 0.05%, 34, 34
1686404144, 26, 3, 44, 0, 0, 0.05%, 1, 0, 0, 813.95, 166405, 5436, 0.05%, 34, 34
1686404144, 26, 11, 44, 0, 0, 0.05%, 1, 0, 0, 1040.00, 166717, 5436, 0.05%, 34, 34
1686404144, 26, 11, 44, 0, 0, 0.05%, 1, 0, 0, 823.33, 166963, 5437, 0.05%, 34, 34
1686404145, 26, 11, 44, 0, 0, 0.05%, 1, 0, 0, 820.00, 167209, 5437, 0.05%, 34, 34
1686404145, 26, 14, 44, 0, 0, 0.05%, 1, 0, 0, 896.67, 167477, 5438, 0.05%, 34, 34
1686404145, 26, 19, 44, 0, 0, 0.05%, 1, 0, 0, 956.67, 167762, 5440, 0.05%, 34, 34
1686404146, 26, 19, 44, 0, 0, 0.05%, 1, 0, 0, 830.00, 168011, 5440, 0.05%, 34, 34
1686404146, 26, 19, 44, 0, 0, 0.05%, 1, 0, 0, 816.67, 168254, 5442, 0.05%, 34, 34
1686404146, 26, 20, 44, 0, 0, 0.05%, 1, 0, 0, 873.33, 168513, 5445, 0.05%, 34, 34
1686404147, 26, 25, 44, 0, 0, 0.05%, 1, 0, 0, 860.00, 168735, 5481, 0.05%, 34, 34
1686404147, 26, 25, 44, 0, 0, 0.05%, 1, 0, 0, 823.92, 168975, 5489, 0.05%, 34, 34
1686404147, 26, 25, 44, 0, 0, 0.05%, 1, 0, 0, 843.85, 169213, 5505, 0.05%, 34, 34
1686404147, 26, 26, 44, 0, 0, 0.05%, 1, 0, 0, 820.00, 169448, 5516, 0.05%, 34, 34
1686404148, 26, 31, 44, 0, 0, 0.05%, 1, 0, 0, 806.67, 169655, 5551, 0.05%, 34, 34
1686404148, 26, 37, 44, 0, 0, 0.05%, 1, 0, 0, 970.00, 169827, 5670, 0.05%, 34, 34
1686404148, 26, 37, 44, 0, 0, 0.05%, 1, 0, 0, 786.67, 170057, 5676, 0.05%, 34, 34
1686404149, 26, 37, 44, 0, 0, 0.05%, 1, 0, 0, 856.67, 170310, 5680, 0.05%, 34, 34
1686404149, 26, 37, 44, 0, 0, 0.05%, 1, 0, 0, 816.67, 170546, 5689, 0.05%, 34, 34
1686404149, 26, 42, 44, 0, 0, 0.05%, 1, 0, 0, 900.33, 170744, 5762, 0.05%, 34, 34
1686404150, 26, 42, 44, 0, 0, 0.05%, 1, 0, 0, 820.00, 170989, 5763, 0.05%, 34, 34
1686404150, 26, 42, 44, 0, 0, 0.05%, 1, 0, 0, 833.33, 171237, 5765, 0.05%, 34, 34
1686404150, 26, 42, 44, 0, 0, 0.05%, 1, 0, 0, 830.00, 171482, 5769, 0.05%, 34, 34
1686404150, 27, 0, 44, 0, 0, 0.05%, 1, 0, 0, 813.33, 171695, 5800, 0.05%, 34, 34
1686404151, 27, 0, 44, 0, 0, 0.05%, 1, 0, 0, 820.00, 171941, 5800, 0.05%, 34, 34
1686404151, 27, 0, 44, 0, 0, 0.05%, 1, 0, 0, 836.67, 172192, 5800, 0.05%, 34, 34
1686404151, 27, 3, 44, 0, 0, 0.05%, 1, 0, 0, 796.67, 172431, 5800, 0.05%, 34, 34
1686404152, 27, 3, 44, 0, 0, 0.05%, 1, 0, 0, 827.24, 172679, 5801, 0.05%, 34, 34
1686404152, 27, 3, 44, 0, 0, 0.05%, 1, 0, 0, 813.33, 172923, 5801, 0.05%, 34, 34
1686404152, 27, 11, 44, 0, 0, 0.05%, 1, 0, 0, 1053.33, 173239, 5801, 0.05%, 34, 34
1686404153, 27, 11, 44, 0, 0, 0.05%, 1, 0, 0, 803.33, 173480, 5801, 0.05%, 34, 34
1686404153, 27, 11, 44, 0, 0, 0.05%, 1, 0, 0, 757.48, 173708, 5801, 0.05%, 34, 34
1686404153, 27, 11, 44, 0, 0, 0.05%, 1, 0, 0, 746.67, 173932, 5801, 0.05%, 34, 34
1686404153, 27, 19, 44, 0, 0, 0.05%, 1, 0, 0, 1016.67, 174232, 5806, 0.05%, 34, 34
1686404154, 27, 19, 44, 0, 0, 0.05%, 1, 0, 0, 803.33, 174471, 5808, 0.05%, 34, 34
1686404154, 27, 19, 44, 0, 0, 0.05%, 1, 0, 0, 763.33, 174697, 5811, 0.05%, 34, 34
1686404154, 27, 19, 44, 0, 0, 0.05%, 1, 0, 0, 593.33, 174873, 5813, 0.05%, 34, 34
1686404155, 27, 21, 44, 0, 0, 0.05%, 1, 0, 0, 790.00, 175106, 5817, 0.05%, 34, 34
1686404155, 27, 25, 44, 0, 0, 0.05%, 1, 0, 0, 843.33, 175315, 5861, 0.05%, 34, 34
1686404155, 27, 25, 44, 0, 0, 0.05%, 1, 0, 0, 823.33, 175550, 5873, 0.05%, 34, 34
1686404156, 27, 25, 44, 0, 0, 0.05%, 1, 0, 0, 806.67, 175783, 5882, 0.05%, 34, 34
1686404156, 27, 26, 44, 0, 0, 0.05%, 1, 0, 0, 803.33, 176013, 5893, 0.05%, 34, 34
1686404156, 27, 32, 44, 0, 0, 0.05%, 1, 0, 0, 870.00, 176225, 5942, 0.05%, 34, 34
1686404156, 27, 37, 44, 0, 0, 0.05%, 1, 0, 0, 930.23, 176399, 6048, 0.05%, 34, 34
1686404157, 27, 37, 44, 0, 0, 0.05%, 1, 0, 0, 693.33, 176600, 6055, 0.05%, 34, 34
1686404157, 27, 37, 44, 0, 0, 0.05%, 1, 0, 0, 823.33, 176839, 6063, 0.05%, 34, 34
1686404157, 27, 37, 44, 0, 0, 0.05%, 1, 0, 0, 800.66, 177078, 6065, 0.05%, 34, 34
1686404158, 27, 42, 44, 0, 0, 0.05%, 1, 0, 0, 860.00, 177274, 6127, 0.05%, 34, 34
1686404158, 27, 42, 44, 0, 0, 0.05%, 1, 0, 0, 823.33, 177516, 6132, 0.05%, 34, 34
1686404158, 27, 42, 44, 0, 0, 0.05%, 1, 0, 0, 674.42, 177715, 6136, 0.05%, 34, 34
1686404159, 27, 42, 44, 0, 0, 0.05%, 1, 0, 0, 803.33, 177952, 6140, 0.05%, 34, 34
1686404159, 28, 0, 44, 0, 0, 0.05%, 1, 0, 0, 837.21, 178166, 6178, 0.05%, 34, 34
1686404159, 28, 0, 44, 0, 0, 0.05%, 1, 0, 0, 806.67, 178408, 6178, 0.05%, 34, 34
1686404159, 28, 0, 44, 0, 0, 0.05%, 1, 0, 0, 784.05, 178644, 6178, 0.05%, 34, 34
1686404160, 28, 3, 44, 0, 0, 0.05%, 1, 0, 0, 793.33, 178882, 6178, 0.05%, 34, 34
1686404160, 28, 3, 44, 0, 0, 0.05%, 1, 0, 0, 796.67, 179121, 6178, 0.05%, 34, 34
1686404160, 28, 3, 44, 0, 0, 0.05%, 1, 0, 0, 796.67, 179360, 6178, 0.05%, 34, 34
1686404161, 28, 5, 44, 0, 0, 0.05%, 1, 0, 0, 826.67, 179608, 6178, 0.05%, 34, 34
1686404161, 28, 11, 44, 0, 0, 0.05%, 1, 0, 0, 926.91, 179887, 6178, 0.05%, 34, 34
1686404161, 28, 11, 44, 0, 0, 0.05%, 1, 0, 0, 766.67, 180117, 6178, 0.05%, 34, 34
1686404162, 28, 11, 44, 0, 0, 0.05%, 1, 0, 0, 756.67, 180343, 6179, 0.05%, 34, 34
1686404162, 28, 14, 44, 0, 0, 0.05%, 1, 0, 0, 873.33, 180605, 6179, 0.05%, 34, 34
1686404162, 28, 19, 44, 0, 0, 0.05%, 1, 0, 0, 960.00, 180893, 6179, 0.05%, 34, 34
1686404162, 28, 19, 44, 0, 0, 0.05%, 1, 0, 0, 806.67, 181134, 6180, 0.05%, 34, 34
1686404163, 28, 19, 44, 0, 0, 0.05%, 1, 0, 0, 806.67, 181376, 6180, 0.05%, 34, 34
1686404163, 28, 20, 44, 0, 0, 0.05%, 1, 0, 0, 803.33, 181615, 6182, 0.05%, 34, 34
1686404163, 28, 25, 44, 0, 0, 0.05%, 1, 0, 0, 840.00, 181831, 6218, 0.05%, 34, 34
1686404164, 28, 25, 44, 0, 0, 0.05%, 1, 0, 0, 817.28, 182067, 6228, 0.05%, 34, 34
1686404164, 28, 25, 44, 0, 0, 0.05%, 1, 0, 0, 830.00, 182303, 6241, 0.05%, 34, 34
1686404164, 28, 25, 44, 0, 0, 0.05%, 1, 0, 0, 823.33, 182540, 6251, 0.05%, 34, 34
1686404165, 28, 30, 44, 0, 0, 0.05%, 1, 0, 0, 823.33, 182775, 6263, 0.05%, 34, 34
1686404165, 28, 37, 44, 0, 0, 0.05%, 1, 0, 0, 1020.00, 182937, 6407, 0.05%, 34, 34
1686404165, 28, 37, 44, 0, 0, 0.05%, 1, 0, 0, 807.31, 183178, 6409, 0.05%, 34, 34
1686404165, 28, 37, 44, 0, 0, 0.05%, 1, 0, 0, 786.67, 183407, 6416, 0.05%, 34, 34
1686404166, 28, 37, 44, 0, 0, 0.05%, 1, 0, 0, 800.00, 183643, 6420, 0.05%, 34, 34
1686404166, 28, 42, 44, 0, 0, 0.05%, 1, 0, 0, 866.67, 183834, 6489, 0.05%, 34, 34
1686404166, 28, 42, 44, 0, 0, 0.05%, 1, 0, 0, 786.67, 184068, 6491, 0.05%, 34, 34
1686404167, 28, 42, 44, 0, 0, 0.05%, 1, 0, 0, 807.31, 184303, 6499, 0.05%, 34, 34
1686404167, 28, 42, 44, 0, 0, 0.05%, 1, 0, 0, 820.00, 184544, 6504, 0.05%, 34, 34
1686404167, 29, 0, 44, 0, 0, 0.05%, 1, 0, 0, 830.00, 184755, 6542, 0.05%, 34, 34
1686404168, 29, 0, 44, 0, 0, 0.05%, 1, 0, 0, 813.33, 184999, 6542, 0.05%, 34, 34
1686404168, 29, 0, 44, 0, 0, 0.05%, 1, 0, 0, 800.00, 185239, 6542, 0.05%, 34, 34
1686404168, 29, 3, 44, 0, 0, 0.05%, 1, 0, 0, 806.67, 185481, 6542, 0.05%, 34, 34
1686404168, 29, 3, 44, 0, 0, 0.05%, 1, 0, 0, 754.15, 185708, 6542, 0.05%, 34, 34
1686404169, 29, 3, 44, 0, 0, 0.05%, 1, 0, 0, 763.33, 185937, 6542, 0.05%, 34, 34
1686404169, 29, 6, 44, 0, 0, 0.05%, 1, 0, 0, 850.00, 186191, 6543, 0.05%, 34, 34
1686404169, 29, 11, 44, 0, 0, 0.05%, 1, 0, 0, 953.33, 186477, 6543, 0.05%, 34, 34
1686404170, 29, 11, 44, 0, 0, 0.05%, 1, 0, 0, 800.00, 186716, 6544, 0.05%, 34, 34
1686404170, 29, 11, 44, 0, 0, 0.05%, 1, 0, 0, 796.67, 186955, 6544, 0.05%, 34, 34
1686404170, 29, 15, 44, 0, 0, 0.05%, 1, 0, 0, 906.67, 187225, 6546, 0.05%, 34, 34
1686404171, 29, 19, 44, 0, 0, 0.05%, 1, 0, 0, 933.33, 187502, 6549, 0.05%, 34, 34
1686404171, 29, 19, 44, 0, 0, 0.05%, 1, 0, 0, 800.66, 187742, 6550, 0.05%, 34, 34
1686404171, 29, 19, 44, 0, 0, 0.05%, 1, 0, 0, 810.00, 187984, 6551, 0.05%, 34, 34
1686404171, 29, 21, 44, 0, 0, 0.05%, 1, 0, 0, 866.67, 188239, 6556, 0.05%, 34, 34
1686404172, 29, 25, 44, 0, 0, 0.05%, 1, 0, 0, 810.00, 188448, 6590, 0.05%, 34, 34
1686404172, 29, 25, 44, 0, 0, 0.05%, 1, 0, 0, 816.67, 188686, 6597, 0.05%, 34, 34
1686404172, 29, 25, 44, 0, 0, 0.05%, 1, 0, 0, 820.00, 188925, 6604, 0.05%, 34, 34
1686404173, 29, 26, 44, 0, 0, 0.05%, 1, 0, 0, 813.33, 189158, 6615, 0.05%, 34, 34
1686404173, 29, 32, 44, 0, 0, 0.05%, 1, 0, 0, 866.67, 189376, 6657, 0.05%, 34, 34
1686404173, 29, 37, 44, 0, 0, 0.05%, 1, 0, 0, 1003.33, 189559, 6775, 0.05%, 34, 34
1686404174, 29, 37, 44, 0, 0, 0.05%, 1, 0, 0, 820.60, 189802, 6779, 0.05%, 34, 34
1686404174, 29, 37, 44, 0, 0, 0.05%, 1, 0, 0, 766.67, 190024, 6787, 0.05%, 34, 34
1686404174, 29, 37, 44, 0, 0, 0.05%, 1, 0, 0, 780.00, 190254, 6791, 0.05%, 34, 34
1686404174, 29, 42, 44, 0, 0, 0.05%, 1, 0, 0, 866.67, 190444, 6861, 0.05%, 34, 34
1686404175, 29, 42, 44, 0, 0, 0.05%, 1, 0, 0, 826.67, 190685, 6868, 0.05%, 34, 34
1686404175, 29, 42, 44, 0, 0, 0.05%, 1, 0, 0, 826.67, 190931, 6870, 0.05%, 34, 34
1686404175, 29, 42, 44, 0, 0, 0.05%, 1, 0, 0, 806.67, 191168, 6875, 0.05%, 34, 34
1686404176, 30, 0, 44, 0, 0, 0.05%, 1, 0, 0, 833.33, 191385, 6908, 0.05%, 34, 34
1686404176, 30, 0, 44, 0, 0, 0.05%, 1, 0, 0, 803.33, 191626, 6908, 0.05%, 34, 34
1686404176, 30, 0, 44, 0, 0, 0.05%, 1, 0, 0, 820.00, 191872, 6908, 0.05%, 34, 34
1686404177, 30, 3, 44, 0, 0, 0.05%, 1, 0, 0, 790.00, 192109, 6908, 0.05%, 34, 34
1686404177, 30, 3, 44, 0, 0, 0.05%, 1, 0, 0, 790.00, 192346, 6908, 0.05%, 34, 34
1686404177, 30, 3, 44, 0, 0, 0.05%, 1, 0, 0, 766.67, 192576, 6908, 0.05%, 34, 34
1686404177, 30, 9, 44, 0, 0, 0.05%, 1, 0, 0, 933.33, 192856, 6908, 0.05%, 34, 34
1686404178, 30, 11, 44, 0, 0, 0.05%, 1, 0, 0, 886.67, 193121, 6909, 0.05%, 34, 34
1686404178, 30, 11, 44, 0, 0, 0.05%, 1, 0, 0, 813.33, 193365, 6909, 0.05%, 34, 34
1686404178, 30, 11, 44, 0, 0, 0.05%, 1, 0, 0, 800.00, 193603, 6911, 0.05%, 34, 34
1686404179, 30, 19, 44, 0, 0, 0.05%, 1, 0, 0, 1050.00, 193918, 6911, 0.05%, 34, 34
1686404179, 30, 19, 44, 0, 0, 0.05%, 1, 0, 0, 740.00, 194138, 6913, 0.05%, 34, 34
1686404179, 30, 19, 44, 0, 0, 0.05%, 1, 0, 0, 743.33, 194360, 6914, 0.05%, 34, 34
1686404180, 30, 19, 44, 0, 0, 0.05%, 1, 0, 0, 770.76, 194591, 6915, 0.05%, 34, 34
1686404180, 30, 22, 44, 0, 0, 0.05%, 1, 0, 0, 848.18, 194839, 6924, 0.05%, 34, 34
1686404180, 30, 25, 44, 0, 0, 0.05%, 1, 0, 0, 860.00, 195059, 6962, 0.05%, 34, 34
1686404180, 30, 25, 44, 0, 0, 0.05%, 1, 0, 0, 837.21, 195299, 6974, 0.05%, 34, 34
1686404181, 30, 25, 44, 0, 0, 0.05%, 1, 0, 0, 787.38, 195528, 6982, 0.05%, 34, 34
1686404181, 30, 27, 44, 0, 0, 0.05%, 1, 0, 0, 836.67, 195770, 6991, 0.05%, 34, 34
1686404181, 30, 33, 44, 0, 0, 0.05%, 1, 0, 0, 946.67, 195943, 7102, 0.05%, 34, 34
1686404182, 30, 37, 44, 0, 0, 0.05%, 1, 0, 0, 910.00, 196166, 7152, 0.05%, 34, 34
1686404182, 30, 37, 44, 0, 0, 0.05%, 1, 0, 0, 816.67, 196409, 7154, 0.05%, 34, 34
1686404182, 30, 37, 44, 0, 0, 0.05%, 1, 0, 0, 826.67, 196650, 7161, 0.05%, 34, 34
1686404183, 30, 39, 44, 0, 0, 0.05%, 1, 0, 0, 840.53, 196846, 7218, 0.05%, 34, 34
1686404183, 30, 42, 44, 0, 0, 0.05%, 1, 0, 0, 826.67, 197076, 7236, 0.05%, 34, 34
1686404183, 30, 42, 44, 0, 0, 0.05%, 1, 0, 0, 820.60, 197316, 7243, 0.05%, 34, 34
1686404183, 30, 42, 44, 0, 0, 0.05%, 1, 0, 0, 800.00, 197552, 7247, 0.05%, 34, 34
1686404184, 30, 43, 44, 0, 0, 0.05%, 1, 0, 0, 823.33, 197785, 7261, 0.05%, 34, 34
1686404184, 31, 0, 44, 0, 0, 0.05%, 1, 0, 0, 750.00, 197986, 7285, 0.05%, 34, 34
1686404184, 31, 0, 44, 0, 0, 0.05%, 1, 0, 0, 800.00, 198226, 7285, 0.05%, 34, 34
1686404185, 31, 1, 44, 0, 0, 0.05%, 1, 0, 0, 823.33, 198473, 7285, 0.05%, 34, 34
1686404185, 31, 3, 44, 0, 0, 0.05%, 1, 0, 0, 810.00, 198716, 7285, 0.05%, 34, 34
1686404185, 31, 3, 44, 0, 0, 0.05%, 1, 0, 0, 806.67, 198957, 7286, 0.05%, 34, 34
1686404186, 31, 3, 44, 0, 0, 0.05%, 1, 0, 0, 773.33, 199189, 7286, 0.05%, 34, 34
1686404186, 31, 11, 44, 0, 0, 0.05%, 1, 0, 0, 1076.67, 199512, 7286, 0.05%, 34, 34
1686404186, 31, 11, 44, 0, 0, 0.05%, 1, 0, 0, 826.67, 199760, 7286, 0.05%, 34, 34
1686404186, 31, 11, 44, 0, 0, 0.05%, 1, 0, 0, 820.00, 200006, 7286, 0.05%, 34, 34
1686404187, 31, 12, 44, 0, 0, 0.05%, 1, 0, 0, 853.33, 200262, 7286, 0.05%, 34, 34
1686404187, 31, 19, 44, 0, 0, 0.05%, 1, 0, 0, 1043.19, 200574, 7288, 0.05%, 34, 34
1686404187, 31, 19, 44, 0, 0, 0.05%, 1, 0, 0, 817.28, 200818, 7290, 0.05%, 34, 34
1686404188, 31, 19, 44, 0, 0, 0.05%, 1, 0, 0, 790.00, 201053, 7292, 0.05%, 34, 34
1686404188, 31, 19, 44, 0, 0, 0.05%, 1, 0, 0, 746.67, 201276, 7293, 0.05%, 34, 34
1686404188, 31, 25, 44, 0, 0, 0.05%, 1, 0, 0, 906.67, 201520, 7321, 0.05%, 34, 34
1686404189, 31, 25, 44, 0, 0, 0.05%, 1, 0, 0, 823.33, 201755, 7333, 0.05%, 34, 34
1686404189, 31, 25, 44, 0, 0, 0.05%, 1, 0, 0, 843.33, 201995, 7346, 0.05%, 34, 34
1686404189, 31, 25, 44, 0, 0, 0.05%, 1, 0, 0, 820.60, 202230, 7358, 0.05%, 34, 34
1686404189, 31, 30, 44, 0, 0, 0.05%, 1, 0, 0, 800.00, 202446, 7382, 0.05%, 34, 34
1686404190, 31, 37, 44, 0, 0, 0.05%, 1, 0, 0, 1070.00, 202622, 7527, 0.05%, 34, 34
1686404190, 31, 37, 44, 0, 0, 0.05%, 1, 0, 0, 840.00, 202867, 7534, 0.05%, 34, 34
1686404190, 31, 37, 44, 0, 0, 0.05%, 1, 0, 0, 810.63, 203106, 7539, 0.05%, 34, 34
1686404191, 31, 37, 44, 0, 0, 0.05%, 1, 0, 0, 780.00, 203335, 7544, 0.05%, 34, 34
1686404191, 31, 42, 44, 0, 0, 0.05%, 1, 0, 0, 890.00, 203540, 7606, 0.05%, 34, 34
1686404191, 31, 42, 44, 0, 0, 0.05%, 1, 0, 0, 817.28, 203782, 7610, 0.05%, 34, 34
1686404192, 31, 42, 44, 0, 0, 0.05%, 1, 0, 0, 773.33, 204009, 7615, 0.05%, 34, 34
1686404192, 31, 42, 44, 0, 0, 0.05%, 1, 0, 0, 833.33, 204253, 7621, 0.05%, 34, 34
1686404192, 32, 0, 44, 0, 0, 0.05%, 1, 0, 0, 840.00, 204469, 7657, 0.05%, 34, 34
1686404192, 32, 0, 44, 0, 0, 0.05%, 1, 0, 0, 806.67, 204711, 7657, 0.05%, 34, 34
1686404193, 32, 0, 44, 0, 0, 0.05%, 1, 0, 0, 820.60, 204958, 7657, 0.05%, 34, 34
1686404193, 32, 3, 44, 0, 0, 0.05%, 1, 0, 0, 753.33, 205184, 7657, 0.05%, 34, 34
1686404193, 32, 3, 44, 0, 0, 0.05%, 1, 0, 0, 753.33, 205410, 7657, 0.05%, 34, 34
1686404194, 32, 3, 44, 0, 0, 0.05%, 1, 0, 0, 793.33, 205648, 7657, 0.05%, 34, 34
1686404194, 32, 8, 44, 0, 0, 0.05%, 1, 0, 0, 973.33, 205940, 7657, 0.05%, 34, 34
1686404194, 32, 11, 44, 0, 0, 0.05%, 1, 0, 0, 860.00, 206198, 7657, 0.05%, 34, 34
1686404195, 32, 11, 44, 0, 0, 0.05%, 1, 0, 0, 733.33, 206417, 7658, 0.05%, 34, 34
1686404195, 32, 11, 44, 0, 0, 0.05%, 1, 0, 0, 806.67, 206659, 7658, 0.05%, 34, 34
1686404195, 32, 16, 44, 0, 0, 0.05%, 1, 0, 0, 993.33, 206955, 7660, 0.05%, 34, 34
1686404195, 32, 19, 44, 0, 0, 0.05%, 1, 0, 0, 916.67, 207230, 7660, 0.05%, 34, 34
1686404196, 32, 19, 44, 0, 0, 0.05%, 1, 0, 0, 816.67, 207475, 7660, 0.05%, 34, 34
1686404196, 32, 19, 44, 0, 0, 0.05%, 1, 0, 0, 823.33, 207719, 7663, 0.05%, 34, 34
1686404196, 32, 22, 44, 0, 0, 0.05%, 1, 0, 0, 876.67, 207978, 7667, 0.05%, 34, 34
1686404197, 32, 25, 44, 0, 0, 0.05%, 1, 0, 0, 820.60, 208189, 7703, 0.05%, 34, 34
1686404197, 32, 25, 44, 0, 0, 0.05%, 1, 0, 0, 827.24, 208432, 7709, 0.05%, 34, 34
1686404197, 32, 25, 44, 0, 0, 0.05%, 1, 0, 0, 846.67, 208680, 7715, 0.05%, 34, 34
1686404198, 32, 27, 44, 0, 0, 0.05%, 1, 0, 0, 847.18, 208923, 7727, 0.05%, 34, 34
1686404198, 32, 34, 44, 0, 0, 0.05%, 1, 0, 0, 1010.00, 209079, 7874, 0.05%, 34, 34
1686404198, 32, 37, 44, 0, 0, 0.05%, 1, 0, 0, 883.72, 209326, 7893, 0.05%, 34, 34
1686404198, 32, 37, 44, 0, 0, 0.05%, 1, 0, 0, 770.76, 209550, 7901, 0.05%, 34, 34
1686404199, 32, 37, 44, 0, 0, 0.05%, 1, 0, 0, 830.00, 209794, 7906, 0.05%, 34, 34
1686404199, 32, 40, 44, 0, 0, 0.05%, 1, 0, 0, 896.67, 209992, 7977, 0.05%, 34, 34
1686404199, 32, 42, 44, 0, 0, 0.05%, 1, 0, 0, 813.33, 210233, 7980, 0.05%, 34, 34
1686404200, 32, 42, 44, 0, 0, 0.05%, 1, 0, 0, 726.67, 210449, 7982, 0.05%, 34, 34
1686404200, 32, 42, 44, 0, 0, 0.05%, 1, 0, 0, 846.67, 210693, 7992, 0.05%, 34, 34
1686404200, 32, 43, 44, 0, 0, 0.05%, 1, 0, 0, 860.00, 210911, 8032, 0.05%, 34, 34
1686404201, 33, 0, 44, 0, 0, 0.05%, 1, 0, 0, 800.00, 211147, 8036, 0.05%, 34, 34
1686404201, 33, 0, 44, 0, 0, 0.05%, 1, 0, 0, 830.56, 211397, 8036, 0.05%, 34, 34
1686404201, 33, 3, 44, 0, 0, 0.05%, 1, 0, 0, 820.60, 211644, 8036, 0.05%, 34, 34
1686404201, 33, 3, 44, 0, 0, 0.05%, 1, 0, 0, 800.00, 211884, 8036, 0.05%, 34, 34
1686404202, 33, 3, 44, 0, 0, 0.05%, 1, 0, 0, 766.67, 212114, 8036, 0.05%, 34, 34
1686404202, 33, 3, 44, 0, 0, 0.05%, 1, 0, 0, 810.00, 212357, 8036, 0.05%, 34, 34
1686404202, 33, 11, 44, 0, 0, 0.05%, 1, 0, 0, 1063.33, 212676, 8036, 0.05%, 34, 34
1686404203, 33, 11, 44, 0, 0, 0.05%, 1, 0, 0, 830.00, 212925, 8036, 0.05%, 34, 34
1686404203, 33, 11, 44, 0, 0, 0.05%, 1, 0, 0, 816.67, 213170, 8036, 0.05%, 34, 34
1686404203, 33, 14, 44, 0, 0, 0.05%, 1, 0, 0, 940.00, 213446, 8042, 0.05%, 34, 34
1686404204, 33, 19, 44, 0, 0, 0.05%, 1, 0, 0, 983.33, 213740, 8043, 0.05%, 34, 34
1686404204, 33, 19, 44, 0, 0, 0.05%, 1, 0, 0, 790.70, 213978, 8043, 0.05%, 34, 34
1686404204, 33, 19, 44, 0, 0, 0.05%, 1, 0, 0, 836.67, 214227, 8045, 0.05%, 34, 34
1686404204, 33, 21, 44, 0, 0, 0.05%, 1, 0, 0, 856.67, 214480, 8049, 0.05%, 34, 34
1686404205, 33, 25, 44, 0, 0, 0.05%, 1, 0, 0, 770.00, 214680, 8080, 0.05%, 34, 34
1686404205, 33, 25, 44, 0, 0, 0.05%, 1, 0, 0, 810.00, 214913, 8090, 0.05%, 34, 34
1686404205, 33, 25, 44, 0, 0, 0.05%, 1, 0, 0, 770.76, 215138, 8097, 0.05%, 34, 34
1686404206, 33, 25, 44, 0, 0, 0.05%, 1, 0, 0, 790.70, 215357, 8116, 0.05%, 34, 34
1686404206, 33, 30, 44, 0, 0, 0.05%, 1, 0, 0, 833.33, 215589, 8134, 0.05%, 34, 34
1686404206, 33, 37, 44, 0, 0, 0.05%, 1, 0, 0, 1070.00, 215757, 8287, 0.05%, 34, 34
1686404207, 33, 37, 44, 0, 0, 0.05%, 1, 0, 0, 830.00, 215996, 8297, 0.05%, 34, 34
1686404207, 33, 37, 44, 0, 0, 0.05%, 1, 0, 0, 830.00, 216240, 8302, 0.05%, 34, 34
1686404207, 33, 37, 44, 0, 0, 0.05%, 1, 0, 0, 836.67, 216482, 8311, 0.05%, 34, 34
1686404207, 33, 42, 44, 0, 0, 0.05%, 1, 0, 0, 886.67, 216681, 8378, 0.05%, 34, 34
1686404208, 33, 42, 44, 0, 0, 0.05%, 1, 0, 0, 833.33, 216929, 8380, 0.05%, 34, 34
1686404208, 33, 42, 44, 0, 0, 0.05%, 1, 0, 0, 820.00, 217170, 8385, 0.05%, 34, 34
1686404208, 33, 42, 44, 0, 0, 0.05%, 1, 0, 0, 826.67, 217415, 8388, 0.05%, 34, 34
1686404209, 34, 0, 44, 0, 0, 0.05%, 1, 0, 0, 840.53, 217634, 8422, 0.05%, 34, 34
1686404209, 34, 0, 44, 0, 0, 0.05%, 1, 0, 0, 823.33, 217881, 8422, 0.05%, 34, 34
1686404209, 34, 0, 44, 0, 0, 0.05%, 1, 0, 0, 794.02, 218120, 8422, 0.05%, 34, 34
1686404210, 34, 3, 44, 0, 0, 0.05%, 1, 0, 0, 793.33, 218358, 8422, 0.05%, 34, 34
1686404210, 34, 3, 44, 0, 0, 0.05%, 1, 0, 0, 787.38, 218595, 8422, 0.05%, 34, 34
1686404210, 34, 3, 44, 0, 0, 0.05%, 1, 0, 0, 760.00, 218823, 8422, 0.05%, 34, 34
1686404210, 34, 10, 44, 0, 0, 0.05%, 1, 0, 0, 1043.33, 219135, 8423, 0.05%, 34, 34
1686404211, 34, 11, 44, 0, 0, 0.05%, 1, 0, 0, 803.33, 219376, 8423, 0.05%, 34, 34
1686404211, 34, 11, 44, 0, 0, 0.05%, 1, 0, 0, 820.00, 219622, 8423, 0.05%, 34, 34
1686404211, 34, 11, 44, 0, 0, 0.05%, 1, 0, 0, 806.67, 219864, 8423, 0.05%, 34, 34
1686404212, 34, 19, 44, 0, 0, 0.05%, 1, 0, 0, 1053.16, 220179, 8425, 0.05%, 34, 34
1686404212, 34, 19, 44, 0, 0, 0.05%, 1, 0, 0, 803.33, 220418, 8427, 0.05%, 34, 34
1686404212, 34, 19, 44, 0, 0, 0.05%, 1, 0, 0, 813.33, 220659, 8430, 0.05%, 34, 34
1686404213, 34, 19, 44, 0, 0, 0.05%, 1, 0, 0, 820.00, 220902, 8433, 0.05%, 34, 34
1686404213, 34, 25, 44, 0, 0, 0.05%, 1, 0, 0, 906.67, 221141, 8466, 0.05%, 34, 34
1686404213, 34, 25, 44, 0, 0, 0.05%, 1, 0, 0, 840.00, 221381, 8478, 0.05%, 34, 34
1686404213, 34, 25, 44, 0, 0, 0.05%, 1, 0, 0, 820.00, 221611, 8494, 0.05%, 34, 34
1686404214, 34, 25, 44, 0, 0, 0.05%, 1, 0, 0, 833.33, 221852, 8503, 0.05%, 34, 34
1686404214, 34, 29, 44, 0, 0, 0.05%, 1, 0, 0, 820.60, 222084, 8518, 0.05%, 34, 34
1686404214, 34, 37, 44, 0, 0, 0.05%, 1, 0, 0, 1053.33, 222248, 8670, 0.05%, 34, 34
1686404215, 34, 37, 44, 0, 0, 0.05%, 1, 0, 0, 800.00, 222480, 8678, 0.05%, 34, 34
1686404215, 34, 37, 44, 0, 0, 0.05%, 1, 0, 0, 820.60, 222722, 8683, 0.05%, 34, 34
1686404215, 34, 37, 44, 0, 0, 0.05%, 1, 0, 0, 743.33, 222943, 8685, 0.05%, 34, 34
1686404216, 34, 42, 44, 0, 0, 0.05%, 1, 0, 0, 900.00, 223150, 8748, 0.05%, 34, 34
1686404216, 34, 42, 44, 0, 0, 0.05%, 1, 0, 0, 806.67, 223389, 8751, 0.05%, 34, 34
1686404216, 34, 42, 44, 0, 0, 0.05%, 1, 0, 0, 813.95, 223629, 8756, 0.05%, 34, 34
1686404216, 34, 42, 44, 0, 0, 0.05%, 1, 0, 0, 830.00, 223869, 8765, 0.05%, 34, 34
1686404217, 34, 43, 44, 0, 0, 0.05%, 1, 0, 0, 591.36, 224015, 8797, 0.05%, 34, 34
1686404217, 35, 0, 44, 0, 0, 0.05%, 1, 0, 0, 623.33, 224198, 8801, 0.05%, 34, 34
1686404217, 35, 0, 44, 0, 0, 0.05%, 1, 0, 0, 786.67, 224434, 8801, 0.05%, 34, 34
1686404218, 35, 0, 44, 0, 0, 0.05%, 1, 0, 0, 790.00, 224671, 8801, 0.05%, 34, 34
1686404218, 35, 3, 44, 0, 0, 0.05%, 1, 0, 0, 806.67, 224913, 8801, 0.05%, 34, 34
1686404218, 35, 3, 44, 0, 0, 0.05%, 1, 0, 0, 807.31, 225156, 8801, 0.05%, 34, 34
1686404219, 35, 3, 44, 0, 0, 0.05%, 1, 0, 0, 800.66, 225397, 8801, 0.05%, 34, 34
1686404219, 35, 11, 44, 0, 0, 0.05%, 1, 0, 0, 1043.33, 225710, 8801, 0.05%, 34, 34
1686404219, 35, 11, 44, 0, 0, 0.05%, 1, 0, 0, 850.00, 225964, 8802, 0.05%, 34, 34
1686404219, 35, 11, 44, 0, 0, 0.05%, 1, 0, 0, 820.00, 226210, 8802, 0.05%, 34, 34
1686404220, 35, 11, 44, 0, 0, 0.05%, 1, 0, 0, 786.67, 226446, 8802, 0.05%, 34, 34
1686404220, 35, 19, 44, 0, 0, 0.05%, 1, 0, 0, 1046.51, 226759, 8804, 0.05%, 34, 34
1686404220, 35, 19, 44, 0, 0, 0.05%, 1, 0, 0, 737.54, 226978, 8807, 0.05%, 34, 34
1686404221, 35, 19, 44, 0, 0, 0.05%, 1, 0, 0, 783.33, 227211, 8809, 0.05%, 34, 34
1686404221, 35, 19, 44, 0, 0, 0.05%, 1, 0, 0, 774.09, 227442, 8811, 0.05%, 34, 34
1686404221, 35, 24, 44, 0, 0, 0.05%, 1, 0, 0, 893.33, 227682, 8839, 0.05%, 34, 34
1686404222, 35, 25, 44, 0, 0, 0.05%, 1, 0, 0, 810.63, 227913, 8852, 0.05%, 34, 34
1686404222, 35, 25, 44, 0, 0, 0.05%, 1, 0, 0, 833.33, 228153, 8862, 0.05%, 34, 34
1686404222, 35, 25, 44, 0, 0, 0.05%, 1, 0, 0, 833.33, 228391, 8874, 0.05%, 34, 34
1686404222, 35, 29, 44, 0, 0, 0.05%, 1, 0, 0, 843.33, 228634, 8884, 0.05%, 34, 34
1686404223, 35, 36, 44, 0, 0, 0.05%, 1, 0, 0, 1026.67, 228786, 9040, 0.05%, 34, 34
1686404223, 35, 37, 44, 0, 0, 0.05%, 1, 0, 0, 870.00, 229033, 9054, 0.05%, 34, 34
1686404223, 35, 37, 44, 0, 0, 0.05%, 1, 0, 0, 803.33, 229271, 9057, 0.05%, 34, 34
1686404224, 35, 37, 44, 0, 0, 0.05%, 1, 0, 0, 840.00, 229515, 9065, 0.05%, 34, 34
1686404224, 35, 42, 44, 0, 0, 0.05%, 1, 0, 0, 883.33, 229721, 9124, 0.05%, 34, 34
1686404224, 35, 42, 44, 0, 0, 0.05%, 1, 0, 0, 833.33, 229965, 9130, 0.05%, 34, 34
1686404225, 35, 42, 44, 0, 0, 0.05%, 1, 0, 0, 826.67, 230210, 9133, 0.05%, 34, 34
1686404225, 35, 42, 44, 0, 0, 0.05%, 1, 0, 0, 816.67, 230453, 9135, 0.05%, 34, 34
1686404225, 36, 0, 44, 0, 0, 0.05%, 1, 0, 0, 850.00, 230667, 9176, 0.05%, 34, 34
1686404225, 36, 0, 44, 0, 0, 0.05%, 1, 0, 0, 780.73, 230902, 9176, 0.05%, 34, 34
1686404226, 36, 0, 44, 0, 0, 0.05%, 1, 0, 0, 776.67, 231135, 9176, 0.05%, 34, 34
1686404226, 36, 3, 44, 0, 0, 0.05%, 1, 0, 0, 810.00, 231378, 9176, 0.05%, 34, 34
1686404226, 36, 3, 44, 0, 0, 0.05%, 1, 0, 0, 800.00, 231617, 9177, 0.05%, 34, 34
1686404227, 36, 3, 44, 0, 0, 0.05%, 1, 0, 0, 816.67, 231862, 9177, 0.05%, 34, 34
1686404227, 36, 7, 44, 0, 0, 0.05%, 1, 0, 0, 923.33, 232139, 9177, 0.05%, 34, 34
1686404227, 36, 11, 44, 0, 0, 0.05%, 1, 0, 0, 943.33, 232422, 9177, 0.05%, 34, 34
1686404228, 36, 11, 44, 0, 0, 0.05%, 1, 0, 0, 813.33, 232666, 9177, 0.05%, 34, 34
1686404228, 36, 11, 44, 0, 0, 0.05%, 1, 0, 0, 803.33, 232907, 9177, 0.05%, 34, 34
1686404228, 36, 17, 44, 0, 0, 0.05%, 1, 0, 0, 966.67, 233197, 9177, 0.05%, 34, 34
1686404228, 36, 19, 44, 0, 0, 0.05%, 1, 0, 0, 913.33, 233468, 9180, 0.05%, 34, 34
1686404229, 36, 19, 44, 0, 0, 0.05%, 1, 0, 0, 800.66, 233708, 9181, 0.05%, 34, 34
1686404229, 36, 19, 44, 0, 0, 0.05%, 1, 0, 0, 823.33, 233952, 9184, 0.05%, 34, 34
1686404229, 36, 23, 44, 0, 0, 0.05%, 1, 0, 0, 856.67, 234204, 9189, 0.05%, 34, 34
1686404230, 36, 25, 44, 0, 0, 0.05%, 1, 0, 0, 830.00, 234420, 9222, 0.05%, 34, 34
1686404230, 36, 25, 44, 0, 0, 0.05%, 1, 0, 0, 846.67, 234659, 9237, 0.05%, 34, 34
1686404230, 36, 25, 44, 0, 0, 0.05%, 1, 0, 0, 784.05, 234884, 9248, 0.05%, 34, 34
1686404231, 36, 27, 44, 0, 0, 0.05%, 1, 0, 0, 813.33, 235118, 9258, 0.05%, 34, 34
1686404231, 36, 33, 44, 0, 0, 0.05%, 1, 0, 0, 883.33, 235279, 9362, 0.05%, 34, 34
1686404231, 36, 37, 44, 0, 0, 0.05%, 1, 0, 0, 906.67, 235495, 9418, 0.05%, 34, 34
1686404231, 36, 37, 44, 0, 0, 0.05%, 1, 0, 0, 830.00, 235738, 9424, 0.05%, 34, 34
1686404232, 36, 37, 44, 0, 0, 0.05%, 1, 0, 0, 760.00, 235962, 9428, 0.05%, 34, 34
1686404232, 36, 39, 44, 0, 0, 0.05%, 1, 0, 0, 883.33, 236185, 9470, 0.05%, 34, 34
1686404232, 36, 42, 44, 0, 0, 0.05%, 1, 0, 0, 810.63, 236400, 9499, 0.05%, 34, 34
1686404233, 36, 42, 44, 0, 0, 0.05%, 1, 0, 0, 826.67, 236643, 9504, 0.05%, 34, 34
1686404233, 36, 42, 44, 0, 0, 0.05%, 1, 0, 0, 827.24, 236887, 9509, 0.05%, 34, 34
1686404233, 36, 43, 44, 0, 0, 0.05%, 1, 0, 0, 830.00, 237128, 9517, 0.05%, 34, 34
1686404234, 37, 0, 44, 0, 0, 0.05%, 1, 0, 0, 860.00, 237354, 9549, 0.05%, 34, 34
1686404234, 37, 0, 44, 0, 0, 0.05%, 1, 0, 0, 796.67, 237593, 9549, 0.05%, 34, 34
1686404234, 37, 2, 44, 0, 0, 0.05%, 1, 0, 0, 816.67, 237838, 9549, 0.05%, 34, 34
1686404234, 37, 3, 44, 0, 0, 0.05%, 1, 0, 0, 813.33, 238082, 9549, 0.05%, 34, 34
1686404235, 37, 3, 44, 0, 0, 0.05%, 1, 0, 0, 796.67, 238321, 9549, 0.05%, 34, 34
1686404235, 37, 3, 44, 0, 0, 0.05%, 1, 0, 0, 810.00, 238564, 9549, 0.05%, 34, 34
1686404235, 37, 11, 44, 0, 0, 0.05%, 1, 0, 0, 1050.00, 238879, 9549, 0.05%, 34, 34
1686404236, 37, 11, 44, 0, 0, 0.05%, 1, 0, 0, 790.00, 239116, 9549, 0.05%, 34, 34
1686404236, 37, 11, 44, 0, 0, 0.05%, 1, 0, 0, 740.00, 239338, 9549, 0.05%, 34, 34
1686404236, 37, 12, 44, 0, 0, 0.05%, 1, 0, 0, 830.00, 239586, 9550, 0.05%, 34, 34
1686404237, 37, 19, 44, 0, 0, 0.05%, 1, 0, 0, 1026.67, 239889, 9555, 0.05%, 34, 34
1686404237, 37, 19, 44, 0, 0, 0.05%, 1, 0, 0, 823.33, 240134, 9557, 0.05%, 34, 34
1686404237, 37, 19, 44, 0, 0, 0.05%, 1, 0, 0, 816.67, 240376, 9560, 0.05%, 34, 34
1686404237, 37, 19, 44, 0, 0, 0.05%, 1, 0, 0, 830.00, 240621, 9564, 0.05%, 34, 34
1686404238, 37, 25, 44, 0, 0, 0.05%, 1, 0, 0, 890.00, 240856, 9596, 0.05%, 34, 34
1686404238, 37, 25, 44, 0, 0, 0.05%, 1, 0, 0, 843.33, 241098, 9607, 0.05%, 34, 34
1686404238, 37, 25, 44, 0, 0, 0.05%, 1, 0, 0, 823.33, 241337, 9615, 0.05%, 34, 34
1686404239, 37, 25, 44, 0, 0, 0.05%, 1, 0, 0, 820.60, 241570, 9629, 0.05%, 34, 34
1686404239, 37, 30, 44, 0, 0, 0.05%, 1, 0, 0, 850.00, 241808, 9646, 0.05%, 34, 34
1686404239, 37, 37, 44, 0, 0, 0.05%, 1, 0, 0, 1050.00, 241970, 9799, 0.05%, 34, 34
1686404240, 37, 37, 44, 0, 0, 0.05%, 1, 0, 0, 823.33, 242213, 9803, 0.05%, 34, 34
1686404240, 37, 37, 44, 0, 0, 0.05%, 1, 0, 0, 807.31, 242451, 9808, 0.05%, 34, 34
1686404240, 37, 37, 44, 0, 0, 0.05%, 1, 0, 0, 833.89, 242690, 9820, 0.05%, 34, 34
1686404241, 37, 42, 44, 0, 0, 0.05%, 1, 0, 0, 853.82, 242879, 9888, 0.05%, 34, 34
1686404241, 37, 42, 44, 0, 0, 0.05%, 1, 0, 0, 803.33, 243116, 9892, 0.05%, 34, 34
1686404241, 37, 42, 44, 0, 0, 0.05%, 1, 0, 0, 744.19, 243339, 9893, 0.05%, 34, 34
1686404241, 37, 42, 44, 0, 0, 0.05%, 1, 0, 0, 773.33, 243564, 9900, 0.05%, 34, 34
1686404242, 38, 0, 44, 0, 0, 0.05%, 1, 0, 0, 816.67, 243778, 9931, 0.05%, 34, 34
1686404242, 38, 0, 44, 0, 0, 0.05%, 1, 0, 0, 806.67, 244020, 9931, 0.05%, 34, 34
1686404242, 38, 0, 44, 0, 0, 0.05%, 1, 0, 0, 790.00, 244257, 9931, 0.05%, 34, 34
1686404243, 38, 3, 44, 0, 0, 0.05%, 1, 0, 0, 784.05, 244493, 9931, 0.05%, 34, 34
1686404243, 38, 3, 44, 0, 0, 0.05%, 1, 0, 0, 794.02, 244732, 9931, 0.05%, 34, 34
1686404243, 38, 3, 44, 0, 0, 0.05%, 1, 0, 0, 806.67, 244974, 9931, 0.05%, 34, 34
1686404244, 38, 6, 44, 0, 0, 0.05%, 1, 0, 0, 793.33, 245212, 9931, 0.05%, 34, 34
1686404244, 38, 11, 44, 0, 0, 0.05%, 1, 0, 0, 986.67, 245507, 9932, 0.05%, 34, 34
1686404244, 38, 11, 44, 0, 0, 0.05%, 1, 0, 0, 806.67, 245749, 9932, 0.05%, 34, 34
1686404244, 38, 11, 44, 0, 0, 0.05%, 1, 0, 0, 760.00, 245977, 9932, 0.05%, 34, 34
1686404245, 38, 15, 44, 0, 0, 0.05%, 1, 0, 0, 876.67, 246239, 9933, 0.05%, 34, 34
1686404245, 38, 19, 44, 0, 0, 0.05%, 1, 0, 0, 943.33, 246522, 9933, 0.05%, 34, 34
1686404245, 38, 19, 44, 0, 0, 0.05%, 1, 0, 0, 793.33, 246758, 9935, 0.05%, 34, 34
1686404246, 38, 19, 44, 0, 0, 0.05%, 1, 0, 0, 823.33, 247003, 9937, 0.05%, 34, 34
1686404246, 38, 21, 44, 0, 0, 0.05%, 1, 0, 0, 843.85, 247256, 9938, 0.05%, 34, 34
1686404246, 38, 25, 44, 0, 0, 0.05%, 1, 0, 0, 853.33, 247483, 9967, 0.05%, 34, 34
1686404247, 38, 25, 44, 0, 0, 0.05%, 1, 0, 0, 746.67, 247698, 9976, 0.05%, 34, 34
1686404247, 38, 25, 44, 0, 0, 0.05%, 1, 0, 0, 793.33, 247926, 9986, 0.05%, 34, 34
1686404247, 38, 25, 44, 0, 0, 0.05%, 1, 0, 0, 800.66, 248159, 9994, 0.05%, 34, 34
1686404247, 38, 31, 44, 0, 0, 0.05%, 1, 0, 0, 843.33, 248396, 10010, 0.05%, 34, 34
1686404248, 38, 37, 44, 0, 0, 0.05%, 1, 0, 0, 1066.45, 248577, 10150, 0.05%, 34, 34
1686404248, 38, 37, 44, 0, 0, 0.05%, 1, 0, 0, 833.33, 248822, 10155, 0.05%, 34, 34
1686404248, 38, 37, 44, 0, 0, 0.05%, 1, 0, 0, 833.33, 249068, 10159, 0.05%, 34, 34
1686404249, 38, 37, 44, 0, 0, 0.05%, 1, 0, 0, 836.67, 249313, 10165, 0.05%, 34, 34
1686404249, 38, 42, 44, 0, 0, 0.05%, 1, 0, 0, 863.33, 249509, 10228, 0.05%, 34, 34
1686404249, 38, 42, 44, 0, 0, 0.05%, 1, 0, 0, 803.33, 249747, 10231, 0.05%, 34, 34
1686404250, 38, 42, 44, 0, 0, 0.05%, 1, 0, 0, 816.67, 249987, 10236, 0.05%, 34, 34
1686404250, 38, 42, 44, 0, 0, 0.05%, 1, 0, 0, 743.33, 250206, 10240, 0.05%, 34, 34
1686404250, 39, 0, 44, 0, 0, 0.05%, 1, 0, 0, 856.67, 250423, 10280, 0.05%, 34, 34
1686404250, 39, 0, 44, 0, 0, 0.05%, 1, 0, 0, 783.33, 250658, 10280, 0.05%, 34, 34
1686404251, 39, 0, 44, 0, 0, 0.05%, 1, 0, 0, 803.99, 250900, 10280, 0.05%, 34, 34
1686404251, 39, 3, 44, 0, 0, 0.05%, 1, 0, 0, 786.67, 251136, 10280, 0.05%, 34, 34
1686404251, 39, 3, 44, 0, 0, 0.05%, 1, 0, 0, 820.00, 251382, 10280, 0.05%, 34, 34
1686404252, 39, 3, 44, 0, 0, 0.05%, 1, 0, 0, 726.67, 251600, 10280, 0.05%, 34, 34
1686404252, 39, 8, 44, 0, 0, 0.05%, 1, 0, 0, 906.67, 251872, 10280, 0.05%, 34, 34
1686404252, 39, 11, 44, 0, 0, 0.05%, 1, 0, 0, 883.33, 252137, 10280, 0.05%, 34, 34
1686404253, 39, 11, 44, 0, 0, 0.05%, 1, 0, 0, 786.67, 252373, 10280, 0.05%, 34, 34
1686404253, 39, 11, 44, 0, 0, 0.05%, 1, 0, 0, 793.33, 252611, 10280, 0.05%, 34, 34
1686404253, 39, 16, 44, 0, 0, 0.05%, 1, 0, 0, 886.67, 252876, 10281, 0.05%, 34, 34
1686404253, 39, 19, 44, 0, 0, 0.05%, 1, 0, 0, 886.67, 253141, 10282, 0.05%, 34, 34
1686404254, 39, 19, 44, 0, 0, 0.05%, 1, 0, 0, 806.67, 253382, 10283, 0.05%, 34, 34
1686404254, 39, 19, 44, 0, 0, 0.05%, 1, 0, 0, 796.67, 253621, 10283, 0.05%, 34, 34
1686404254, 39, 22, 44, 0, 0, 0.05%, 1, 0, 0, 870.00, 253877, 10288, 0.05%, 34, 34
1686404255, 39, 25, 44, 0, 0, 0.05%, 1, 0, 0, 820.00, 254089, 10322, 0.05%, 34, 34
1686404255, 39, 25, 44, 0, 0, 0.05%, 1, 0, 0, 803.99, 254318, 10335, 0.05%, 34, 34
1686404255, 39, 25, 44, 0, 0, 0.05%, 1, 0, 0, 856.67, 254565, 10345, 0.05%, 34, 34
1686404256, 39, 27, 44, 0, 0, 0.05%, 1, 0, 0, 833.33, 254804, 10356, 0.05%, 34, 34
1686404256, 39, 33, 44, 0, 0, 0.05%, 1, 0, 0, 956.67, 254983, 10464, 0.05%, 34, 34
1686404256, 39, 37, 44, 0, 0, 0.05%, 1, 0, 0, 920.00, 255204, 10519, 0.05%, 34, 34
1686404256, 39, 37, 44, 0, 0, 0.05%, 1, 0, 0, 820.00, 255442, 10527, 0.05%, 34, 34
1686404257, 39, 37, 44, 0, 0, 0.05%, 1, 0, 0, 700.00, 255649, 10530, 0.05%, 34, 34
1686404257, 39, 37, 44, 0, 0, 0.05%, 1, 0, 0, 747.51, 255871, 10533, 0.05%, 34, 34
1686404257, 39, 42, 44, 0, 0, 0.05%, 1, 0, 0, 883.72, 256066, 10604, 0.05%, 34, 34
1686404258, 39, 42, 44, 0, 0, 0.05%, 1, 0, 0, 833.33, 256311, 10609, 0.05%, 34, 34
1686404258, 39, 42, 44, 0, 0, 0.05%, 1, 0, 0, 820.60, 256553, 10614, 0.05%, 34, 34
1686404258, 39, 42, 44, 0, 0, 0.05%, 1, 0, 0, 770.00, 256778, 10620, 0.05%, 34, 34
1686404259, 40, 0, 44, 0, 0, 0.05%, 1, 0, 0, 860.00, 256997, 10659, 0.05%, 34, 34
1686404259, 40, 0, 44, 0, 0, 0.05%, 1, 0, 0, 797.34, 257237, 10659, 0.05%, 34, 34
1686404259, 40, 0, 44, 0, 0, 0.05%, 1, 0, 0, 816.67, 257482, 10659, 0.05%, 34, 34
1686404259, 40, 3, 44, 0, 0, 0.05%, 1, 0, 0, 803.33, 257723, 10659, 0.05%, 34, 34
1686404260, 40, 3, 44, 0, 0, 0.05%, 1, 0, 0, 810.00, 257966, 10659, 0.05%, 34, 34
1686404260, 40, 3, 44, 0, 0, 0.05%, 1, 0, 0, 800.00, 258206, 10659, 0.05%, 34, 34
1686404260, 40, 11, 44, 0, 0, 0.05%, 1, 0, 0, 1046.67, 258520, 10659, 0.05%, 34, 34
1686404261, 40, 11, 44, 0, 0, 0.05%, 1, 0, 0, 806.67, 258762, 10659, 0.05%, 34, 34
1686404261, 40, 11, 44, 0, 0, 0.05%, 1, 0, 0, 716.67, 258977, 10659, 0.05%, 34, 34
1686404261, 40, 11, 44, 0, 0, 0.05%, 1, 0, 0, 823.33, 259224, 10659, 0.05%, 34, 34
1686404262, 40, 19, 44, 0, 0, 0.05%, 1, 0, 0, 1046.67, 259538, 10659, 0.05%, 34, 34
1686404262, 40, 19, 44, 0, 0, 0.05%, 1, 0, 0, 770.00, 259767, 10661, 0.05%, 34, 34
1686404262, 40, 19, 44, 0, 0, 0.05%, 1, 0, 0, 726.67, 259983, 10663, 0.05%, 34, 34
1686404262, 40, 19, 44, 0, 0, 0.05%, 1, 0, 0, 770.00, 260213, 10664, 0.05%, 34, 34
1686404263, 40, 23, 44, 0, 0, 0.05%, 1, 0, 0, 863.33, 260457, 10679, 0.05%, 34, 34
1686404263, 40, 25, 44, 0, 0, 0.05%, 1, 0, 0, 863.33, 260683, 10712, 0.05%, 34, 34
1686404263, 40, 25, 44, 0, 0, 0.05%, 1, 0, 0, 823.33, 260926, 10716, 0.05%, 34, 34
1686404264, 40, 25, 44, 0, 0, 0.05%, 1, 0, 0, 830.56, 261163, 10729, 0.05%, 34, 34
1686404264, 40, 28, 44, 0, 0, 0.05%, 1, 0, 0, 813.95, 261400, 10737, 0.05%, 34, 34
1686404264, 40, 34, 44, 0, 0, 0.05%, 1, 0, 0, 1000.00, 261561, 10876, 0.05%, 34, 34
1686404265, 40, 37, 44, 0, 0, 0.05%, 1, 0, 0, 850.50, 261805, 10888, 0.05%, 34, 34
1686404265, 40, 37, 44, 0, 0, 0.05%, 1, 0, 0, 793.33, 262037, 10894, 0.05%, 34, 34
1686404265, 40, 37, 44, 0, 0, 0.05%, 1, 0, 0, 833.33, 262281, 10900, 0.05%, 34, 34
1686404265, 40, 40, 44, 0, 0, 0.05%, 1, 0, 0, 886.67, 262475, 10972, 0.05%, 34, 34
